1581211612 448
1581211612 113
1581211612 116
1581211612 136
1581211613 131
1581211613 129
1581211613 64
1581211614 120
1581211615 128
1581211615 121
1581211616 93
1581211616 129
1581211616 63
1581211617 99
1581211618 98
1581211618 53
1581211619 114
1581211619 118
1581211620 118
1581211620 62
1581211621 110
1581211621 140
1581211621 79
1581211622 93
1581211623 128
1581211623 104
1581211624 130
1581211624 136
1581211625 120
1581211625 120
1581211626 94
1581211626 81
1581211627 129
1581211627 133
1581211628 137
1581211628 76
1581211628 68
