1581211201 510
1581211201 113
1581211201 119
1581211201 137
1581211201 130
1581211202 130
1581211202 64
1581211203 120
1581211203 129
1581211204 121
1581211204 94
1581211205 130
1581211205 63
1581211206 99
1581211206 97
1581211207 53
1581211207 114
1581211208 118
1581211208 118
1581211209 61
1581211209 110
1581211210 140
1581211210 79
1581211211 93
1581211211 128
1581211212 104
1581211212 130
1581211213 136
1581211213 120
1581211214 120
1581211214 94
1581211215 82
1581211215 129
1581211216 133
1581211216 137
