1581210212 463
1581210212 114
1581210213 117
1581210213 136
1581210213 131
1581210213 129
1581210214 64
1581210214 119
1581210215 128
1581210215 120
1581210216 93
1581210216 129
1581210217 62
1581210217 99
1581210218 97
1581210218 54
1581210219 114
1581210219 118
1581210220 118
1581210220 61
1581210221 110
1581210221 140
1581210222 79
1581210222 92
1581210223 128
1581210223 104
1581210224 130
1581210224 135
1581210225 120
1581210225 120
1581210226 94
1581210226 81
1581210227 129
1581210227 133
1581210228 136
