1581211698 498
1581211699 117
1581211699 118
1581211699 136
1581211699 130
1581211699 130
1581211700 64
1581211700 119
1581211701 129
1581211701 120
1581211702 94
1581211702 130
1581211703 62
1581211703 100
1581211704 97
1581211704 54
1581211705 114
1581211705 118
1581211706 119
1581211706 61
1581211707 110
1581211707 141
1581211708 79
1581211708 93
1581211709 128
1581211709 104
1581211710 130
1581211710 136
1581211711 121
1581211711 120
1581211712 94
1581211712 82
1581211713 130
1581211713 133
1581211714 137
1581211714 76
1581211715 67
1581211715 86
