1581210296 485
1581210296 116
1581210296 118
1581210296 136
1581210297 130
1581210297 129
1581210298 65
1581210298 119
1581210299 128
1581210299 120
1581210300 93
1581210300 130
1581210301 62
1581210301 100
1581210302 97
1581210302 53
1581210303 115
1581210303 118
1581210304 119
1581210304 61
1581210305 110
1581210305 141
1581210306 79
1581210306 92
1581210307 128
1581210307 104
1581210308 130
1581210308 136
1581210309 120
1581210309 120
1581210310 94
1581210310 81
1581210311 129
1581210311 132
1581210312 137
