1581203942 436
1581203942 126
1581203943 93
1581203943 60
1581203943 103
1581203943 100
1581203944 127
1581203944 107
1581203945 135
1581203945 129
1581203946 95
1581203946 98
1581203947 61
1581203947 76
1581203948 96
1581203948 125
1581203949 53
1581203949 73
1581203950 138
1581203950 53
1581203951 127
1581203951 53
1581203952 124
1581203952 80
1581203953 117
1581203953 90
1581203954 117
1581203954 95
1581203955 128
1581203955 89
1581203956 105
1581203956 72
1581203957 138
1581203957 79
1581203958 114
1581203958 119
1581203959 119
1581203959 113
1581203960 59
1581203960 137
1581203961 87
1581204027 403
1581204027 125
1581204027 91
1581204027 60
1581204028 103
1581204028 100
1581204029 126
1581204029 108
1581204030 135
1581204030 129
1581204031 94
1581204031 98
1581204032 61
1581204032 76
1581204033 95
1581204033 125
1581204034 53
1581204034 73
1581204035 138
1581204035 53
1581204036 126
1581204036 53
1581204037 123
1581204037 80
1581204038 116
1581204038 90
1581204039 117
1581204039 95
1581204040 128
1581204040 89
1581204041 105
1581204041 71
1581204042 138
1581204042 79
1581204043 114
1581204043 119
1581204044 118
1581204044 113
1581204045 60
1581204045 137
1581204046 87
1581204046 69
1581204047 140
1581204047 61
1581204116 510
1581204116 125
1581204116 94
1581204116 60
1581204116 103
1581204117 99
1581204117 127
1581204118 108
1581204118 140
1581204119 130
1581204119 95
1581204120 98
1581204120 62
1581204121 76
1581204121 95
1581204122 125
1581204122 53
1581204123 73
1581204123 137
1581204124 54
1581204124 126
1581204125 54
1581204125 123
1581204126 81
1581204126 117
1581204127 90
1581204127 117
1581204128 95
1581204128 128
1581204129 90
1581204129 105
1581204130 71
1581204130 138
1581204131 79
1581204131 114
1581204132 119
1581204132 118
1581204133 113
1581204133 58
1581204134 137
1581204134 87
1581204135 70
1581204135 141
1581204136 62
1581204136 98
1581204137 135
1581204207 421
1581204207 128
1581204207 93
1581204207 61
1581204208 103
1581204208 100
1581204209 127
1581204209 109
1581204210 135
1581204210 130
1581204211 95
1581204211 100
1581204212 62
1581204212 77
1581204213 96
1581204213 125
1581204214 54
1581204214 74
1581204215 138
1581204215 54
1581204216 126
1581204216 54
1581204217 123
1581204217 81
1581204218 116
1581204218 90
1581204219 118
1581204219 95
1581204220 129
1581204220 89
1581204221 106
1581204221 71
1581204222 139
1581204222 79
1581204223 115
1581204223 120
1581204224 119
1581204224 113
1581204225 58
1581204225 137
1581204301 9799
1581204301 122
1581204301 92
1581204301 60
1581204301 103
1581204302 100
1581204302 126
1581204302 107
1581204302 134
1581204302 129
1581204302 94
1581204302 98
1581204302 62
1581204302 76
1581204302 95
1581204303 125
1581204303 53
1581204303 73
1581204303 137
1581204303 53
1581204303 126
1581204303 53
1581204303 123
1581204303 80
1581204303 116
1581204304 90
1581204304 117
1581204304 95
1581204304 128
1581204305 89
1581204305 105
1581204306 71
1581204306 137
1581204307 79
1581204307 114
1581204308 119
1581204308 118
1581204309 113
1581204309 58
1581204310 137
1581204310 88
1581204311 70
1581204311 140
1581204312 61
1581205178 427
1581205178 126
1581205178 93
1581205179 60
1581205179 104
1581205179 100
1581205180 127
1581205180 108
1581205181 134
1581205181 130
1581205182 94
1581205182 99
1581205183 61
1581205183 77
1581205184 95
1581205184 126
1581205185 53
1581205185 74
1581205186 138
1581205186 53
1581205187 127
1581205187 54
1581205188 124
1581205188 80
1581205189 117
1581205189 90
1581205190 118
1581205190 95
1581205191 129
1581205191 89
1581205192 106
1581205192 71
1581205193 139
1581205193 79
1581205194 115
1581205194 119
1581205195 118
1581205195 114
1581205196 59
1581205196 138
1581205197 87
1581205197 70
1581205268 415
1581205268 126
1581205268 92
1581205268 60
1581205268 102
1581205269 100
1581205269 127
1581205270 108
1581205270 135
1581205271 130
1581205271 94
1581205272 99
1581205272 61
1581205273 77
1581205273 95
1581205274 126
1581205274 53
1581205275 73
1581205275 137
1581205276 53
1581205276 127
1581205277 53
1581205277 123
1581205278 80
1581205278 117
1581205279 89
1581205279 118
1581205280 94
1581205280 129
1581205281 89
1581205281 106
1581205282 71
1581205282 138
1581205283 79
1581205283 114
1581205284 119
1581205284 118
1581205285 114
1581205285 58
1581205286 137
1581205286 87
1581205287 70
1581205287 141
1581205288 62
1581205288 98
1581205289 135
1581205359 479
1581205359 128
1581205360 93
1581205360 60
1581205360 103
1581205360 100
1581205361 127
1581205361 108
1581205362 135
1581205362 130
1581205363 95
1581205363 99
1581205364 62
1581205364 77
1581205365 96
1581205365 125
1581205366 54
1581205366 74
1581205367 138
1581205367 53
1581205368 127
1581205368 54
1581205369 124
1581205369 80
1581205370 117
1581205370 90
1581205371 117
1581205371 95
1581205372 128
1581205372 90
1581205373 106
1581205373 72
1581205374 139
1581205374 80
1581205375 115
1581205375 119
1581205376 119
1581205376 113
1581205377 59
1581205377 138
1581205378 88
1581205378 69
1581205379 141
1581205379 61
1581205380 99
1581205449 428
1581205449 126
1581205449 93
1581205450 60
1581205450 106
1581205450 100
1581205451 127
1581205451 109
1581205452 135
1581205452 130
1581205453 95
1581205453 98
1581205454 62
1581205454 76
1581205455 96
1581205455 126
1581205456 54
1581205456 74
1581205457 138
1581205457 54
1581205458 127
1581205458 54
1581205459 123
1581205459 81
1581205460 116
1581205460 90
1581205461 118
1581205461 95
1581205462 129
1581205462 89
1581205463 106
1581205463 71
1581205464 139
1581205464 79
1581205465 115
1581205465 119
1581205466 119
1581205466 114
1581205467 58
1581205467 137
1581205468 87
1581205537 406
1581205537 124
1581205537 92
1581205537 59
1581205538 103
1581205538 100
1581205539 127
1581205539 108
1581205540 135
1581205540 130
1581205541 94
1581205541 99
1581205542 62
1581205542 77
1581205543 95
1581205543 126
1581205544 53
1581205544 74
1581205545 137
1581205545 53
1581205546 127
1581205546 54
1581205547 123
1581205547 81
1581205548 117
1581205548 89
1581205549 118
1581205549 94
1581205550 129
1581205550 90
1581205551 105
1581205551 71
1581205552 138
1581205552 80
1581205553 114
1581205553 119
1581205554 118
1581205554 113
1581205555 58
1581205555 137
1581205556 88
1581205556 69
1581205557 141
1581205557 61
1581205558 98
1581205558 134
1581205629 429
1581205630 127
1581205630 94
1581205630 60
1581205630 104
1581205631 100
1581205631 128
1581205632 108
1581205632 136
1581205633 130
1581205633 95
1581205634 99
1581205634 62
1581205635 77
1581205635 96
1581205636 126
1581205636 54
1581205637 74
1581205637 138
1581205638 53
1581205638 127
1581205639 61
1581205639 124
1581205640 80
1581205640 117
1581205641 90
1581205641 117
1581205642 95
1581205642 129
1581205643 90
1581205643 106
1581205644 72
1581205644 139
1581205645 79
1581205645 115
1581205646 119
1581205646 119
1581205647 113
1581205647 59
1581205648 137
1581205648 87
1581205649 70
1581205649 141
1581205650 62
1581205650 99
1581205651 134
1581205651 120
1581205652 137
1581205721 470
1581205722 127
1581205722 93
1581205722 60
1581205722 103
1581205722 101
1581205723 127
1581205724 108
1581205724 135
1581205725 130
1581205725 95
1581205725 99
1581205726 62
1581205726 77
1581205727 96
1581205728 126
1581205728 54
1581205728 74
1581205729 137
1581205729 54
1581205730 127
1581205730 54
1581205731 124
1581205731 81
1581205732 117
1581205732 90
1581205733 118
1581205734 95
1581205734 129
1581205735 89
1581205735 105
1581205735 71
1581205736 139
1581205736 79
1581205737 114
1581205738 120
1581205738 119
1581205739 114
1581205739 58
1581205740 137
1581205740 87
1581205740 70
1581205810 419
1581205810 124
1581205810 92
1581205810 59
1581205810 103
1581205811 100
1581205811 127
1581205812 108
1581205812 135
1581205813 130
1581205813 95
1581205814 98
1581205814 62
1581205815 76
1581205815 96
1581205816 125
1581205816 53
1581205817 74
1581205817 137
1581205818 54
1581205818 127
1581205819 54
1581205819 124
1581205820 80
1581205820 117
1581205821 90
1581205821 118
1581205822 95
1581205822 129
1581205823 90
1581205823 105
1581205824 72
1581205825 139
1581205825 79
1581205825 115
1581205826 119
1581205826 119
1581205827 113
1581205827 58
1581205828 138
1581205828 87
1581205829 69
1581205830 141
1581205830 61
1581205830 98
1581205901 441
1581205901 128
1581205901 94
1581205901 61
1581205902 103
1581205902 101
1581205903 127
1581205903 109
1581205904 135
1581205904 130
1581205905 95
1581205905 99
1581205906 61
1581205906 77
1581205907 96
1581205907 126
1581205908 54
1581205908 74
1581205909 138
1581205909 53
1581205910 127
1581205910 54
1581205911 123
1581205911 81
1581205912 116
1581205912 90
1581205913 118
1581205913 95
1581205914 129
1581205914 90
1581205915 106
1581205915 72
1581205916 139
1581205916 80
1581205917 114
1581205917 120
1581205918 119
1581205918 114
1581205919 59
1581205919 137
1581205920 88
1581205920 70
1581205921 141
1581205921 62
1581205922 98
1581205922 135
1581205923 119
1581205996 415
1581205996 126
1581205996 92
1581205997 59
1581205997 103
1581205997 101
1581205998 127
1581205998 109
1581205999 135
1581205999 130
1581206000 95
1581206000 99
1581206001 62
1581206001 77
1581206002 95
1581206002 126
1581206003 53
1581206003 74
1581206004 138
1581206004 54
1581206005 127
1581206005 53
1581206006 124
1581206006 80
1581206007 117
1581206007 90
1581206008 118
1581206008 95
1581206009 129
1581206009 90
1581206010 106
1581206010 72
1581206011 139
1581206011 80
1581206012 115
1581206012 120
1581206013 119
1581206013 114
1581206014 59
1581206014 137
1581206015 88
1581206015 69
1581206016 141
1581206016 61
1581206017 99
1581206017 135
1581206018 120
1581206018 138
1581206019 143
1581206019 134
1581206020 85
1581206020 100
1581206021 135
1581206021 135
1581206022 78
1581206022 87
1581206023 93
1581206093 401
1581206093 125
1581206093 92
1581206093 60
1581206094 103
1581206094 100
1581206095 127
1581206095 108
1581206096 135
1581206096 129
1581206097 95
1581206097 98
1581206097 62
1581206098 76
1581206099 96
1581206099 125
1581206099 54
1581206100 73
1581206101 137
1581206101 53
1581206102 127
1581206102 54
1581206103 123
1581206103 81
1581206104 116
1581206104 90
1581206105 117
1581206105 96
1581206106 128
1581206106 89
1581206107 106
1581206107 72
1581206108 139
1581206108 79
1581206109 115
1581206109 119
1581206110 119
1581206110 113
1581206111 59
1581206111 137
1581206112 88
1581206112 69
1581206113 140
1581206113 61
1581206114 98
1581206114 135
1581206115 120
1581206115 137
1581206116 142
1581206116 134
1581206117 85
1581206117 101
1581206118 134
1581206118 135
1581206119 78
1581206119 88
1581206120 93
1581206120 101
1581206191 464
1581206191 126
1581206191 94
1581206191 60
1581206191 103
1581206192 101
1581206192 127
1581206193 108
1581206193 135
1581206194 130
1581206194 95
1581206195 99
1581206195 62
1581206196 77
1581206196 96
1581206197 126
1581206197 54
1581206198 74
1581206198 138
1581206199 54
1581206199 126
1581206200 55
1581206200 123
1581206201 81
1581206201 116
1581206202 90
1581206202 117
1581206203 94
1581206203 129
1581206204 90
1581206204 106
1581206205 72
1581206205 139
1581206206 79
1581206206 115
1581206207 120
1581206207 119
1581206208 113
1581206208 59
1581206209 138
1581206209 87
1581206210 73
1581206210 141
1581206211 62
1581206211 98
1581206212 135
1581206212 119
1581206213 141
1581206213 145
1581206214 133
1581206214 85
1581206215 100
1581206215 134
1581206216 135
1581206216 79
1581206217 88
1581206217 93
1581206218 100
1581206218 123
1581206219 73
1581206445 422
1581206445 128
1581206445 93
1581206445 60
1581206445 104
1581206446 100
1581206446 127
1581206447 109
1581206447 135
1581206448 130
1581206448 95
1581206449 98
1581206449 62
1581206450 77
1581206450 96
1581206451 126
1581206451 54
1581206452 74
1581206452 138
1581206453 54
1581206453 127
1581206454 54
1581206454 124
1581206455 80
1581206455 117
1581206456 90
1581206456 118
1581206457 97
1581206457 129
1581206458 89
1581206458 106
1581206459 72
1581206459 138
1581206460 79
1581206460 114
1581206461 120
1581206461 119
1581206462 114
1581206462 59
1581206463 139
1581206463 87
1581206464 69
1581206464 141
1581206465 61
1581206535 411
1581206535 125
1581206535 92
1581206535 60
1581206536 103
1581206536 100
1581206537 127
1581206537 108
1581206538 135
1581206538 130
1581206539 95
1581206539 99
1581206540 62
1581206540 77
1581206541 96
1581206541 126
1581206542 54
1581206542 73
1581206543 138
1581206543 54
1581206544 127
1581206544 54
1581206545 123
1581206545 81
1581206546 116
1581206546 90
1581206547 118
1581206547 94
1581206548 129
1581206548 89
1581206549 106
1581206549 71
1581206550 139
1581206550 79
1581206551 115
1581206551 119
1581206552 119
1581206552 113
1581206553 59
1581206553 138
1581206554 88
1581206554 69
1581206555 141
1581206555 61
1581206556 99
1581206556 135
1581206557 119
1581206629 492
1581206629 127
1581206629 94
1581206629 60
1581206629 103
1581206630 100
1581206630 127
1581206631 109
1581206631 135
1581206632 130
1581206632 95
1581206633 99
1581206633 62
1581206634 77
1581206634 96
1581206635 126
1581206635 54
1581206636 74
1581206636 138
1581206637 54
1581206637 127
1581206638 55
1581206638 124
1581206639 81
1581206639 117
1581206640 90
1581206640 118
1581206641 95
1581206641 129
1581206642 90
1581206642 106
1581206643 72
1581206643 139
1581206644 80
1581206644 115
1581206645 120
1581206645 119
1581206646 114
1581206646 58
1581206647 138
1581206647 87
1581206648 73
1581206648 141
1581206649 61
1581206649 99
1581206650 135
1581206650 120
1581206651 138
1581206651 146
1581206722 433
1581206722 124
1581206722 93
1581206722 61
1581206723 103
1581206723 100
1581206724 127
1581206724 108
1581206725 135
1581206725 130
1581206726 95
1581206726 98
1581206727 62
1581206727 76
1581206728 96
1581206728 126
1581206729 54
1581206729 74
1581206730 138
1581206730 54
1581206731 127
1581206731 54
1581206732 124
1581206732 80
1581206733 117
1581206733 90
1581206734 118
1581206734 95
1581206735 131
1581206735 90
1581206736 106
1581206736 72
1581206737 139
1581206737 80
1581206738 115
1581206738 120
1581206739 119
1581206739 114
1581206740 59
1581206740 138
1581206741 87
1581206741 69
1581206742 141
1581206742 61
1581206743 99
1581206814 410
1581206814 126
1581206814 92
1581206814 60
1581206815 103
1581206815 100
1581206816 127
1581206816 108
1581206817 135
1581206817 130
1581206818 95
1581206818 99
1581206819 61
1581206819 77
1581206820 95
1581206820 126
1581206821 53
1581206821 74
1581206822 137
1581206822 54
1581206823 127
1581206823 53
1581206824 124
1581206824 81
1581206825 117
1581206825 94
1581206826 118
1581206826 95
1581206827 128
1581206827 90
1581206828 106
1581206828 72
1581206829 138
1581206829 80
1581206830 114
1581206830 120
1581206831 118
1581206831 114
1581206832 58
1581206832 137
1581206833 87
1581206833 69
1581206834 141
1581206834 61
1581206835 99
1581206835 134
1581206836 120
1581206908 432
1581206908 128
1581206908 94
1581206909 61
1581206909 103
1581206909 100
1581206910 127
1581206910 108
1581206911 136
1581206911 130
1581206912 95
1581206912 99
1581206913 62
1581206913 77
1581206914 96
1581206914 126
1581206915 54
1581206915 74
1581206916 138
1581206916 54
1581206917 127
1581206917 54
1581206918 124
1581206918 81
1581206919 117
1581206919 90
1581206920 117
1581206920 95
1581206921 129
1581206921 90
1581206922 106
1581206922 72
1581206923 139
1581206923 79
1581206924 115
1581206924 120
1581206925 119
1581206925 114
1581206926 58
1581206926 138
1581206927 88
1581206927 69
1581206928 141
1581206928 62
1581206929 98
1581206929 135
1581206930 119
1581206930 138
1581206931 142
1581206931 133
1581207001 472
1581207001 128
1581207001 92
1581207001 60
1581207002 104
1581207002 100
1581207003 128
1581207003 108
1581207004 135
1581207004 130
1581207005 95
1581207005 99
1581207006 62
1581207006 77
1581207007 96
1581207007 126
1581207008 54
1581207008 74
1581207009 138
1581207009 54
1581207010 127
1581207010 54
1581207011 123
1581207011 81
1581207012 117
1581207012 90
1581207013 118
1581207013 95
1581207014 129
1581207014 90
1581207015 106
1581207015 71
1581207016 139
1581207016 79
1581207017 115
1581207017 119
1581207018 119
1581207018 113
1581207019 58
1581207019 138
1581207020 88
1581207020 70
1581207021 141
1581207021 61
1581207091 418
1581207092 124
1581207092 91
1581207092 59
1581207092 103
1581207093 100
1581207093 127
1581207094 109
1581207094 135
1581207095 130
1581207095 95
1581207096 99
1581207096 61
1581207096 77
1581207097 95
1581207098 126
1581207098 53
1581207098 74
1581207099 138
1581207099 54
1581207100 127
1581207100 54
1581207101 123
1581207102 82
1581207102 116
1581207103 89
1581207103 117
1581207104 95
1581207104 129
1581207105 90
1581207105 106
1581207106 71
1581207106 139
1581207107 79
1581207107 114
1581207108 120
1581207108 118
1581207109 114
1581207109 58
1581207110 137
1581207110 87
1581207111 69
1581207111 142
1581207112 164
1581207112 99
1581207113 134
1581207113 119
1581207114 138
1581207114 143
1581207186 428
1581207186 125
1581207186 93
1581207186 60
1581207186 104
1581207187 101
1581207187 127
1581207188 108
1581207188 136
1581207189 130
1581207189 94
1581207190 99
1581207190 62
1581207191 77
1581207191 96
1581207192 126
1581207192 53
1581207193 74
1581207194 137
1581207194 54
1581207195 127
1581207195 53
1581207195 124
1581207196 81
1581207196 117
1581207197 90
1581207197 117
1581207198 95
1581207199 129
1581207199 89
1581207199 106
1581207200 72
1581207201 138
1581207201 80
1581207201 115
1581207202 119
1581207203 119
1581207203 113
1581207203 59
1581207204 138
1581207204 88
1581207205 69
1581207206 141
1581207206 61
1581207206 99
1581207207 135
1581207208 119
1581207208 138
1581207209 142
1581207209 134
1581207209 85
1581207210 101
1581207281 459
1581207281 128
1581207281 93
1581207281 61
1581207282 103
1581207282 100
1581207283 128
1581207283 109
1581207284 135
1581207284 131
1581207285 95
1581207285 100
1581207286 62
1581207286 77
1581207287 96
1581207287 126
1581207288 54
1581207288 74
1581207289 138
1581207289 54
1581207290 127
1581207290 54
1581207291 124
1581207291 81
1581207292 117
1581207292 90
1581207293 119
1581207293 95
1581207294 130
1581207294 90
1581207295 106
1581207295 72
1581207296 139
1581207296 80
1581207297 115
1581207297 119
1581207298 119
1581207298 114
1581207299 59
1581207299 138
1581207300 88
1581207300 70
1581207301 141
1581207301 62
1581207302 99
1581207302 135
1581207303 120
1581207303 137
1581207304 143
1581207304 133
1581207305 85
1581207305 101
1581207306 135
1581207306 136
1581207307 78
1581207307 88
1581207308 93
1581207308 100
1581207309 122
1581207309 72
1581207310 62
1581207380 403
1581207380 126
1581207380 92
1581207380 61
1581207380 103
1581207381 100
1581207381 127
1581207382 108
1581207382 135
1581207383 130
1581207383 95
1581207384 98
1581207384 62
1581207385 76
1581207385 96
1581207386 125
1581207386 53
1581207387 74
1581207387 138
1581207388 54
1581207388 127
1581207389 54
1581207389 123
1581207390 80
1581207390 117
1581207391 89
1581207391 118
1581207392 94
1581207392 129
1581207393 90
1581207393 105
1581207394 72
1581207394 138
1581207395 80
1581207395 114
1581207396 120
1581207396 118
1581207397 113
1581207397 58
1581207398 137
1581207398 88
1581207399 70
1581207399 141
1581207400 61
1581207400 99
1581207401 134
1581207401 120
1581207402 137
1581207402 142
1581207403 134
1581207403 85
1581207404 101
1581207404 134
1581207405 136
1581207405 78
1581207406 87
1581207406 94
1581207407 100
1581207479 433
1581207479 126
1581207479 92
1581207479 60
1581207480 103
1581207480 100
1581207481 127
1581207481 108
1581207482 135
1581207482 130
1581207483 95
1581207483 99
1581207484 61
1581207484 77
1581207485 95
1581207485 127
1581207486 54
1581207486 74
1581207487 138
1581207487 54
1581207488 127
1581207488 54
1581207489 123
1581207489 81
1581207490 116
1581207490 89
1581207491 118
1581207491 94
1581207492 129
1581207492 90
1581207493 105
1581207493 72
1581207494 139
1581207494 80
1581207495 115
1581207495 120
1581207496 118
1581207496 114
1581207497 59
1581207497 138
1581207498 88
1581207498 70
1581207499 140
1581207499 62
1581207500 98
1581207500 134
1581207501 119
1581207501 137
1581207502 143
1581207502 144
1581207503 85
1581207503 101
1581207504 135
1581207504 136
1581207505 78
1581207505 88
1581207506 94
1581207506 100
1581207507 123
1581207507 72
1581207508 62
1581207508 82
1581207509 136
