1581117330 422
1581117331 138
1581117331 99
1581117331 102
1581117331 86
1581117331 102
1581117332 97
1581117332 58
1581117333 83
1581117333 89
1581117334 123
1581117334 78
1581117335 69
1581117335 105
1581117336 55
1581117336 120
1581117337 128
1581117337 132
1581117338 104
1581117338 64
1581117339 54
1581117339 58
1581117340 94
1581117340 56
1581117341 61
1581117341 80
1581117342 109
1581117342 91
1581117343 57
1581117343 81
1581117344 65
1581117344 86
1581117345 76
1581117345 76
1581117346 99
1581117346 140
1581117347 80
1581117433 401
1581117433 138
1581117433 98
1581117433 102
1581117433 85
1581117434 102
1581117434 96
1581117435 58
1581117435 83
1581117436 89
1581117436 123
1581117437 78
1581117437 68
1581117438 105
1581117438 55
1581117439 120
1581117439 128
1581117440 132
1581117440 104
1581117441 65
1581117441 54
1581117442 57
1581117442 94
1581117443 55
1581117443 61
1581117444 79
1581117444 108
1581117445 90
1581117445 56
1581117446 81
1581117446 65
1581117447 85
1581117447 75
1581117448 76
1581117448 98
1581117449 140
1581117449 80
1581117450 85
1581117450 124
1581117451 103
1581117451 142
1581117452 131
1581117541 433
1581117541 135
1581117541 99
1581117541 102
1581117541 86
1581117542 102
1581117542 96
1581117543 59
1581117543 82
1581117544 90
1581117544 123
1581117545 79
1581117545 68
1581117546 106
1581117546 55
1581117547 121
1581117547 128
1581117548 132
1581117548 104
1581117549 64
1581117549 55
1581117550 57
1581117550 95
1581117551 55
1581117551 62
1581117552 79
1581117552 109
1581117553 90
1581117553 56
1581117554 81
1581117554 65
1581117555 85
1581117555 75
1581117556 76
1581117556 98
1581117557 141
1581117557 81
1581117558 85
1581117558 123
1581117559 104
1581117559 142
1581117560 130
1581117650 455
1581117650 137
1581117651 100
1581117651 102
1581117651 86
1581117651 101
1581117652 97
1581117652 60
1581117653 83
1581117653 89
1581117654 124
1581117654 78
1581117655 68
1581117655 105
1581117656 55
1581117656 120
1581117657 129
1581117657 132
1581117658 105
1581117658 64
1581117659 55
1581117659 58
1581117660 95
1581117660 56
1581117661 62
1581117661 80
1581117662 109
1581117662 90
1581117663 57
1581117663 81
1581117664 66
1581117664 85
1581117665 75
1581117665 76
1581117666 99
1581117666 141
1581117667 80
1581117667 85
1581117754 409
1581117754 136
1581117754 99
1581117754 102
1581117754 86
1581117755 102
1581117755 97
1581117756 59
1581117756 83
1581117757 90
1581117757 123
1581117758 78
1581117758 68
1581117759 106
1581117759 55
1581117760 120
1581117760 129
1581117761 132
1581117761 105
1581117762 64
1581117762 55
1581117763 58
1581117763 94
1581117764 57
1581117764 62
1581117765 79
1581117765 108
1581117766 90
1581117766 56
1581117767 81
1581117767 65
1581117768 85
1581117768 75
1581117769 76
1581117769 99
1581117770 140
1581117770 81
1581117771 84
1581117771 123
1581117772 104
1581117772 142
1581117863 425
1581117863 137
1581117863 102
1581117863 101
1581117863 86
1581117864 102
1581117864 97
1581117865 59
1581117865 83
1581117866 89
1581117866 124
1581117867 78
1581117867 69
1581117868 105
1581117868 56
1581117869 120
1581117869 129
1581117870 132
1581117870 105
1581117871 64
1581117871 55
1581117872 58
1581117872 95
1581117873 56
1581117873 62
1581117874 79
1581117874 109
1581117875 90
1581117875 57
1581117876 81
1581117876 65
1581117877 86
1581117877 75
1581117878 76
1581117878 98
1581117879 140
1581117879 80
1581117880 85
1581117880 124
1581117881 104
1581117882 142
1581117882 130
1581117882 112
1581117992 471
1581117992 138
1581117992 100
1581117992 102
1581117993 87
1581117993 102
1581117994 98
1581117994 60
1581117995 84
1581117995 90
1581117996 123
1581117996 78
1581117997 68
1581117997 106
1581117998 55
1581117998 121
1581117999 128
1581117999 133
1581118000 104
1581118000 65
1581118001 55
1581118001 58
1581118002 95
1581118002 56
1581118003 62
1581118003 80
1581118004 114
1581118004 90
1581118005 57
1581118005 81
1581118006 65
1581118006 86
1581118007 75
1581118007 77
1581118008 99
1581118008 141
1581118009 81
1581118009 84
1581118010 125
1581118010 103
1581118116 392
1581118116 136
1581118116 98
1581118117 101
1581118117 86
1581118117 102
1581118118 97
1581118118 59
1581118119 83
1581118119 89
1581118120 124
1581118120 78
1581118121 69
1581118121 105
1581118122 56
1581118122 120
1581118123 128
1581118123 132
1581118124 104
1581118124 65
1581118125 54
1581118125 58
1581118126 94
1581118126 56
1581118127 61
1581118127 80
1581118128 109
1581118128 90
1581118129 56
1581118129 81
1581118130 65
1581118130 85
1581118131 75
1581118131 76
1581118132 98
1581118132 140
1581118133 81
1581118133 84
1581118134 123
1581118134 103
1581118135 142
1581118135 130
1581118254 470
1581118254 139
1581118254 100
1581118254 101
1581118255 86
1581118255 102
1581118256 97
1581118256 59
1581118257 83
1581118257 89
1581118258 124
1581118258 78
1581118259 69
1581118259 106
1581118260 55
1581118260 121
1581118261 128
1581118261 133
1581118262 105
1581118262 64
1581118263 55
1581118263 58
1581118264 95
1581118264 56
1581118265 62
1581118265 80
1581118266 109
1581118266 91
1581118267 56
1581118267 82
1581118268 65
1581118268 85
1581118269 75
1581118269 76
1581118270 98
1581118270 141
1581118271 80
1581118271 85
1581118272 124
1581118272 104
1581118273 143
1581118273 131
1581118274 112
1581118274 96
1581118630 424
1581118630 138
1581118630 100
1581118630 102
1581118630 86
1581118631 102
1581118631 97
1581118632 59
1581118632 83
1581118633 90
1581118633 123
1581118634 78
1581118634 69
1581118635 105
1581118635 56
1581118636 121
1581118636 128
1581118637 133
1581118637 105
1581118638 64
1581118638 54
1581118639 58
1581118639 95
1581118640 55
1581118640 62
1581118641 81
1581118641 109
1581118642 90
1581118642 57
1581118643 81
1581118643 66
1581118644 86
1581118644 76
1581118645 76
1581118645 99
1581118646 140
1581118646 80
1581118647 85
1581118647 123
1581118648 103
1581118648 142
1581118649 130
1581118649 113
1581118650 96
1581118650 97
1581118651 99
1581118651 93
1581118652 103
1581118652 57
1581118653 84
1581118653 66
1581118654 64
1581118654 143
1581119007 407
1581119007 135
1581119007 99
1581119007 102
1581119007 86
1581119008 102
1581119008 97
1581119009 59
1581119009 83
1581119010 90
1581119010 124
1581119011 79
1581119011 68
1581119012 105
1581119012 55
1581119013 120
1581119013 129
1581119014 132
1581119014 105
1581119015 64
1581119015 55
1581119016 57
1581119016 95
1581119017 55
1581119017 62
1581119018 80
1581119018 109
1581119019 91
1581119019 57
1581119020 81
1581119020 65
1581119021 85
1581119021 75
1581119022 77
1581119022 98
1581119023 140
1581119023 81
1581119024 84
1581119024 123
1581119025 103
1581119025 142
1581119026 131
1581119026 112
1581119027 97
1581119027 97
1581119028 99
1581119028 92
1581119029 103
1581119029 56
1581119030 83
1581119030 67
1581119031 64
1581119031 144
1581119389 430
1581119389 138
1581119390 101
1581119390 101
1581119390 86
1581119390 103
1581119391 97
1581119391 59
1581119392 84
1581119392 90
1581119393 123
1581119393 79
1581119394 68
1581119394 106
1581119395 56
1581119395 121
1581119396 128
1581119396 133
1581119397 104
1581119397 65
1581119398 54
1581119398 58
1581119399 95
1581119399 56
1581119400 61
1581119400 80
1581119401 109
1581119401 91
1581119402 57
1581119402 81
1581119403 66
1581119403 85
1581119404 76
1581119404 76
1581119405 98
1581119405 141
1581119406 80
1581119406 85
1581119407 123
1581119407 103
1581119408 142
1581119408 130
1581119409 112
1581119409 96
1581119410 96
1581119410 98
1581119411 93
1581119411 104
1581119412 56
1581119412 84
1581119413 66
1581119413 65
1581119414 143
1581119414 58
1581119415 70
1581119415 129
1581119416 83
1581119416 107
1581119417 112
1581119417 59
1581119418 60
1581119734 430
1581119734 136
1581119734 99
1581119735 103
1581119735 86
1581119735 103
1581119736 97
1581119736 60
1581119737 83
1581119737 90
1581119738 123
1581119738 79
1581119739 68
1581119739 106
1581119740 55
1581119740 120
1581119741 128
1581119741 132
1581119742 104
1581119742 64
1581119743 55
1581119743 58
1581119744 95
1581119744 56
1581119745 62
1581119745 80
1581119746 109
1581119746 91
1581119747 56
1581119747 82
1581119748 65
1581119748 86
1581119749 75
1581119749 77
1581119750 98
1581119750 141
1581119751 80
1581119751 85
1581119842 396
1581119842 136
1581119842 100
1581119842 102
1581119843 86
1581119843 102
1581119844 97
1581119844 58
1581119845 83
1581119845 89
1581119846 124
1581119846 79
1581119847 68
1581119847 106
1581119848 56
1581119848 121
1581119849 128
1581119849 133
1581119850 105
1581119850 64
1581119851 55
1581119851 57
1581119852 95
1581119852 56
1581119853 61
1581119853 80
1581119854 108
1581119854 91
1581119855 56
1581119855 81
1581119856 65
1581119856 85
1581119857 76
1581119857 76
1581119858 98
1581119858 140
1581119859 80
1581119859 85
1581119860 124
1581119860 103
1581119861 143
1581119954 426
1581119954 137
1581119954 99
1581119954 102
1581119954 86
1581119955 102
1581119955 97
1581119956 59
1581119956 83
1581119957 90
1581119957 124
1581119958 79
1581119958 69
1581119959 106
1581119959 56
1581119960 121
1581119960 128
1581119961 132
1581119961 104
1581119962 65
1581119962 55
1581119963 58
1581119963 95
1581119964 55
1581119964 62
1581119965 79
1581119965 109
1581119966 90
1581119966 57
1581119967 81
1581119967 66
1581119968 86
1581119968 75
1581119969 77
1581119969 99
1581119970 140
1581119970 80
1581119971 85
1581119971 124
1581119972 103
1581119972 143
1581119973 130
1581119973 113
1581120067 436
1581120067 139
1581120067 100
1581120067 102
1581120067 86
1581120068 103
1581120068 97
1581120069 59
1581120069 83
1581120070 90
1581120070 123
1581120071 79
1581120071 69
1581120072 106
1581120072 56
1581120073 121
1581120073 129
1581120074 133
1581120074 105
1581120075 65
1581120075 55
1581120076 58
1581120076 94
1581120077 56
1581120077 61
1581120078 80
1581120078 108
1581120079 91
1581120079 56
1581120080 81
1581120080 65
1581120081 86
1581120081 75
1581120082 77
1581120082 99
1581120083 141
1581120083 80
1581120084 85
1581120084 124
1581120085 103
1581120085 143
1581120178 413
1581120178 138
1581120178 99
1581120178 102
1581120178 85
1581120179 102
1581120179 96
1581120180 59
1581120180 83
1581120181 90
1581120181 124
1581120182 79
1581120182 69
1581120183 106
1581120183 56
1581120184 121
1581120185 128
1581120185 133
1581120185 105
1581120186 65
1581120186 55
1581120187 58
1581120187 95
1581120188 56
1581120188 61
1581120189 80
1581120189 109
1581120190 91
1581120190 56
1581120191 81
1581120191 65
1581120192 86
1581120192 76
1581120193 77
1581120193 98
1581120194 141
1581120194 81
1581120195 85
1581120196 123
1581120196 104
1581120197 142
1581120291 425
1581120292 137
1581120292 100
1581120292 103
1581120292 86
1581120293 103
1581120293 97
1581120293 59
1581120294 83
1581120295 90
1581120295 125
1581120296 79
1581120296 69
1581120297 106
1581120297 56
1581120298 121
1581120298 129
1581120299 133
1581120299 105
1581120300 65
1581120300 55
1581120300 59
1581120301 95
1581120301 56
1581120302 62
1581120303 80
1581120303 109
1581120304 91
1581120304 57
1581120305 82
1581120305 66
1581120306 85
1581120306 76
1581120307 76
1581120307 99
1581120308 140
1581120308 81
1581120309 85
1581120309 124
1581120310 103
1581120310 143
1581120311 130
1581120311 113
1581120423 424
1581120424 135
1581120424 100
1581120424 103
1581120424 86
1581120424 102
1581120425 97
1581120425 60
1581120426 83
1581120426 90
1581120427 124
1581120427 79
1581120428 69
1581120428 106
1581120429 56
1581120429 121
1581120430 129
1581120430 133
1581120431 105
1581120431 65
1581120432 55
1581120432 58
1581120433 94
1581120433 56
1581120434 61
1581120434 80
1581120435 108
1581120435 91
1581120436 56
1581120436 81
1581120437 65
1581120437 85
1581120438 75
1581120438 76
1581120439 98
1581120439 141
1581120440 81
1581120440 85
1581120441 124
1581120441 104
1581120442 143
1581120555 397
1581120555 137
1581120555 98
1581120555 102
1581120556 86
1581120556 102
1581120557 97
1581120557 59
1581120558 83
1581120558 89
1581120559 125
1581120559 79
1581120560 68
1581120560 106
1581120561 55
1581120561 121
1581120562 128
1581120562 133
1581120563 105
1581120563 65
1581120564 55
1581120564 58
1581120565 95
1581120565 55
1581120566 62
1581120566 79
1581120567 109
1581120567 90
1581120568 57
1581120568 81
1581120569 66
1581120569 85
1581120570 75
1581120570 77
1581120571 98
1581120571 140
1581120572 81
1581120572 118
1581120573 124
1581120573 104
1581120574 142
1581120574 130
1581120575 114
1581120688 425
1581120689 138
1581120689 101
1581120689 103
1581120689 87
1581120690 102
1581120690 97
1581120691 59
1581120691 83
1581120692 90
1581120692 124
1581120693 78
1581120693 69
1581120694 106
1581120694 56
1581120695 121
1581120695 130
1581120696 133
1581120696 105
1581120697 64
1581120697 55
1581120698 58
1581120698 96
1581120699 56
1581120699 61
1581120700 80
1581120700 109
1581120701 91
1581120701 57
1581120702 81
1581120702 66
1581120703 86
1581120703 76
1581120704 76
1581120704 98
1581120705 141
1581120705 80
1581120706 85
1581120706 124
1581120707 104
1581120707 143
1581120708 130
1581120708 113
1581120709 96
1581120709 97
1581121063 429
1581121063 139
1581121064 100
1581121064 102
1581121064 86
1581121064 102
1581121065 97
1581121065 59
1581121066 83
1581121066 90
1581121067 124
1581121067 79
1581121068 69
1581121068 105
1581121069 56
1581121069 120
1581121070 129
1581121070 132
1581121071 105
1581121071 65
1581121072 55
1581121072 58
1581121073 94
1581121073 56
1581121074 61
1581121074 81
1581121075 109
1581121075 91
1581121076 57
1581121076 81
1581121077 66
1581121077 86
1581121078 76
1581121078 77
1581121079 99
1581121079 141
1581121080 81
1581121080 85
1581121081 123
1581121081 104
1581121082 142
1581121082 131
1581121083 112
1581121083 97
1581121084 100
1581121084 99
1581121085 93
1581121085 104
1581121086 56
1581121086 92
1581121087 67
1581121087 64
1581121088 144
1581121088 58
1581121089 69
1581121089 129
1581121446 408
1581121446 138
1581121446 98
1581121447 102
1581121447 86
1581121447 102
1581121448 96
1581121448 59
1581121449 83
1581121449 90
1581121450 124
1581121450 79
1581121451 69
1581121451 105
1581121452 56
1581121452 121
1581121453 129
1581121453 133
1581121454 104
1581121454 65
1581121455 55
1581121455 58
1581121456 95
1581121456 55
1581121457 62
1581121457 80
1581121458 109
1581121458 90
1581121459 57
1581121459 81
1581121460 65
1581121460 86
1581121461 76
1581121461 77
1581121462 99
1581121462 140
1581121463 80
1581121463 84
1581121464 123
1581121464 103
1581121465 143
1581121465 130
1581121466 113
1581121466 97
1581121467 96
1581121467 98
1581121468 92
1581121468 104
1581121469 56
1581121469 84
1581121470 67
1581121470 64
1581121471 144
1581121471 58
1581121472 69
1581121472 129
1581121473 83
1581121473 107
1581121474 113
1581121832 421
1581121833 139
1581121833 102
1581121833 103
1581121833 87
1581121833 102
1581121834 98
1581121834 59
1581121835 84
1581121835 90
1581121836 124
1581121836 79
1581121837 69
1581121838 106
1581121838 56
1581121839 121
1581121839 129
1581121840 132
1581121840 105
1581121840 64
1581121841 55
1581121841 58
1581121842 95
1581121842 56
1581121843 62
1581121843 80
1581121844 109
1581121844 91
1581121845 57
1581121845 82
1581121846 66
1581121846 86
1581121847 76
1581121847 77
1581121848 99
1581121849 140
1581121849 81
1581121849 85
1581121850 123
1581121851 104
1581121851 142
1581121852 131
1581121852 113
1581121853 96
1581121853 97
1581121854 98
1581121854 93
1581121855 104
1581121855 56
1581121855 84
1581121856 67
1581121856 65
1581121857 144
1581121857 59
1581121858 69
1581121859 129
1581121859 84
1581121860 107
1581122178 469
1581122178 139
1581122178 100
1581122179 102
1581122179 87
1581122179 102
1581122180 98
1581122180 59
1581122181 83
1581122181 90
1581122182 124
1581122182 79
1581122183 69
1581122183 106
1581122184 56
1581122184 120
1581122185 129
1581122185 132
1581122186 105
1581122186 64
1581122187 55
1581122187 58
1581122188 95
1581122188 56
1581122189 62
1581122189 80
1581122190 109
1581122190 90
1581122191 57
1581122191 81
1581122192 65
1581122192 86
1581122193 76
1581122193 76
1581122194 98
1581122194 141
1581122195 80
1581122195 85
1581122196 123
1581122196 104
1581122197 143
1581122291 396
1581122291 135
1581122292 100
1581122292 102
1581122292 86
1581122292 102
1581122293 97
1581122293 58
1581122294 84
1581122294 90
1581122295 124
1581122295 78
1581122296 69
1581122296 106
1581122297 56
1581122297 120
1581122298 129
1581122298 133
1581122299 105
1581122299 65
1581122300 54
1581122300 59
1581122301 95
1581122301 56
1581122302 61
1581122302 80
1581122303 108
1581122303 91
1581122304 56
1581122304 82
1581122305 66
1581122305 85
1581122306 76
1581122306 76
1581122307 98
1581122307 141
1581122308 80
1581122308 84
1581122309 124
1581122309 104
1581122310 143
1581122310 130
1581122311 112
1581122311 96
1581122408 445
1581122408 141
1581122408 102
1581122408 102
1581122408 86
1581122409 103
1581122409 97
1581122410 60
1581122410 83
1581122411 90
1581122411 124
1581122412 79
1581122412 69
1581122413 106
1581122413 56
1581122414 121
1581122414 129
1581122415 133
1581122415 105
1581122416 65
1581122416 55
1581122417 59
1581122417 95
1581122418 56
1581122418 61
1581122419 80
1581122419 108
1581122420 91
1581122420 56
1581122421 82
1581122421 65
1581122422 86
1581122422 76
1581122423 76
1581122423 99
1581122424 141
1581122424 81
1581122425 85
1581122425 123
1581122426 104
1581122426 143
1581122427 131
1581122427 113
1581122428 97
1581122428 96
1581122429 99
1581122524 427
1581122524 140
1581122524 101
1581122524 103
1581122524 86
1581122525 107
1581122525 98
1581122526 59
1581122526 84
1581122527 90
1581122527 125
1581122528 79
1581122528 69
1581122529 106
1581122529 56
1581122530 121
1581122530 129
1581122531 133
1581122531 105
1581122532 65
1581122532 55
1581122533 58
1581122533 95
1581122534 56
1581122534 62
1581122535 80
1581122535 110
1581122536 91
1581122536 57
1581122537 82
1581122537 69
1581122538 89
1581122538 75
1581122539 77
1581122539 99
1581122540 141
1581122540 81
1581122541 85
1581122541 124
1581122542 104
1581122636 398
1581122636 136
1581122636 99
1581122636 102
1581122636 87
1581122637 102
1581122637 97
1581122638 59
1581122638 83
1581122639 89
1581122639 124
1581122640 78
1581122640 69
1581122641 106
1581122641 56
1581122642 121
1581122642 128
1581122643 133
1581122643 105
1581122644 64
1581122644 55
1581122645 57
1581122645 96
1581122646 56
1581122646 61
1581122647 80
1581122647 109
1581122648 91
1581122648 56
1581122649 82
1581122649 66
1581122650 85
1581122650 75
1581122651 76
1581122651 99
1581122652 140
1581122652 80
1581122653 84
1581122653 123
1581122654 104
1581122654 143
1581122655 130
1581122655 113
1581122656 96
1581122656 97
1581122755 424
1581122755 141
1581122755 99
1581122755 102
1581122755 87
1581122756 102
1581122756 97
1581122757 59
1581122757 83
1581122758 91
1581122758 124
1581122759 79
1581122759 69
1581122760 106
1581122760 56
1581122761 121
1581122761 129
1581122762 133
1581122762 104
1581122763 65
1581122763 55
1581122764 58
1581122764 95
1581122765 56
1581122765 62
1581122766 81
1581122766 109
1581122767 90
1581122767 57
1581122768 82
1581122768 66
1581122769 86
1581122769 76
1581122770 77
1581122770 98
1581122771 141
1581122771 80
1581122772 85
1581122772 124
1581122773 103
1581122773 144
1581122774 131
1581122774 112
1581122775 97
1581122775 96
1581122776 99
1581122776 92
1581122888 420
1581122888 137
1581122888 99
1581122888 102
1581122889 86
1581122889 103
1581122890 97
1581122890 60
1581122891 84
1581122891 90
1581122892 124
1581122892 79
1581122893 69
1581122893 106
1581122894 55
1581122894 121
1581122895 129
1581122895 133
1581122896 105
1581122896 64
1581122897 55
1581122897 57
1581122898 95
1581122898 55
1581122899 62
1581122899 80
1581122900 109
1581122900 91
1581122901 56
1581122901 82
1581122902 65
1581122902 86
1581122903 75
1581122903 77
1581122904 99
1581122904 141
1581122905 81
1581122905 85
1581122906 123
1581122906 104
1581123021 411
1581123022 135
1581123022 98
1581123022 102
1581123022 86
1581123022 101
1581123023 97
1581123023 59
1581123024 83
1581123024 90
1581123025 123
1581123025 79
1581123026 68
1581123026 105
1581123027 55
1581123028 121
1581123028 129
1581123029 132
1581123029 105
1581123029 64
1581123030 55
1581123030 58
1581123031 95
1581123031 56
1581123032 62
1581123032 80
1581123033 109
1581123033 90
1581123034 57
1581123034 81
1581123035 65
1581123035 85
1581123036 75
1581123036 76
1581123037 98
1581123038 141
1581123038 81
1581123038 85
1581123039 123
1581123040 103
1581123040 143
1581123041 130
1581123041 113
1581123042 97
1581123042 96
1581123158 417
1581123159 138
1581123159 102
1581123159 102
1581123159 87
1581123160 103
1581123160 97
1581123161 59
1581123161 83
1581123162 90
1581123162 124
1581123163 79
1581123163 69
1581123164 106
1581123164 56
1581123165 121
1581123165 129
1581123166 133
1581123166 105
1581123167 65
1581123167 54
1581123168 58
1581123168 95
1581123169 56
1581123169 61
1581123170 80
1581123170 109
1581123171 91
1581123171 57
1581123172 82
1581123172 66
1581123173 86
1581123173 76
1581123174 77
1581123174 99
1581123175 141
1581123175 80
1581123176 85
1581123176 124
1581123177 104
1581123177 143
1581123178 130
1581123178 115
1581123179 97
1581123179 96
1581123535 442
1581123535 145
1581123535 100
1581123535 102
1581123536 86
1581123536 102
1581123537 98
1581123537 59
1581123538 84
1581123538 90
1581123539 124
1581123539 79
1581123540 69
1581123540 106
1581123541 56
1581123541 121
1581123542 129
1581123542 133
1581123543 105
1581123543 65
1581123544 55
1581123544 58
1581123545 95
1581123545 56
1581123546 62
1581123546 81
1581123547 109
1581123547 91
1581123548 57
1581123548 82
1581123549 66
1581123549 86
1581123550 76
1581123550 77
1581123551 99
1581123551 141
1581123552 81
1581123552 84
1581123553 124
1581123553 103
1581123554 142
1581123554 131
1581123555 113
1581123555 97
1581123556 97
1581123556 99
1581123557 93
1581123557 103
1581123558 57
1581123558 83
1581123559 67
1581123559 65
1581123560 143
1581123560 59
1581123561 69
1581123561 130
1581123562 83
1581123562 107
1581123563 113
1581123919 402
1581123919 137
1581123919 98
1581123919 102
1581123919 86
1581123920 101
1581123920 97
1581123921 59
1581123921 84
1581123922 90
1581123922 123
1581123923 79
1581123923 69
1581123924 106
1581123924 55
1581123925 121
1581123925 129
1581123926 133
1581123926 105
1581123927 64
1581123927 55
1581123928 58
1581123928 95
1581123929 56
1581123929 61
1581123930 80
1581123930 108
1581123931 91
1581123931 56
1581123932 82
1581123932 66
1581123933 85
1581123933 76
1581123934 76
1581123934 99
1581123935 140
1581123935 81
1581123936 84
1581123936 124
1581123937 103
1581123938 143
1581123938 130
1581123938 112
1581123939 96
1581123939 96
1581123940 99
1581123940 93
1581123941 103
1581123941 56
1581123942 83
1581123942 67
1581123943 65
1581123944 144
1581123944 58
1581123944 69
1581123945 130
1581123945 83
1581123946 107
1581124305 471
1581124305 138
1581124305 101
1581124305 102
1581124306 86
1581124306 102
1581124307 98
1581124307 59
1581124308 83
1581124308 90
1581124309 123
1581124309 79
1581124309 68
1581124310 106
1581124310 55
1581124311 121
1581124312 129
1581124312 133
1581124313 105
1581124313 64
1581124313 55
1581124314 58
1581124315 95
1581124315 56
1581124315 62
1581124316 80
1581124317 108
1581124317 91
1581124317 57
1581124318 82
1581124319 66
1581124319 86
1581124320 76
1581124320 77
1581124321 99
1581124321 141
1581124322 81
1581124322 85
1581124323 123
1581124323 104
1581124324 142
1581124324 131
1581124325 113
1581124325 96
1581124326 97
1581124326 99
1581124327 93
1581124327 104
1581124328 56
1581124328 94
1581124329 67
1581124329 65
1581124330 144
1581124330 59
1581124331 69
1581124331 129
1581124332 84
1581124332 108
1581124333 113
1581124333 59
1581124334 60
1581124334 130
1581124335 131
