1581276830 511
1581276830 79
1581276830 81
1581276830 73
1581276831 108
1581276831 130
1581276832 120
1581276832 132
1581276833 134
1581276833 121
1581276834 77
1581276834 127
1581276835 122
1581276835 56
1581276836 72
1581276836 134
1581276837 111
1581276837 81
1581276838 55
1581276838 138
1581276839 59
1581276839 78
1581276840 74
1581276840 90
1581276841 66
1581276841 102
1581276842 137
1581276842 81
1581276843 117
1581276843 135
1581276907 491
1581276907 80
1581276907 80
1581276907 72
1581276908 108
1581276908 130
1581276909 121
1581276909 132
1581276910 134
1581276910 121
1581276911 77
1581276911 127
1581276912 121
1581276912 56
1581276913 72
1581276913 134
1581276914 111
1581276914 80
1581276915 55
1581276915 138
1581276916 59
1581276916 78
1581276917 74
1581276917 89
1581276918 66
1581276918 102
1581276919 137
1581276919 81
1581276920 118
1581276920 135
1581276921 138
1581276921 92
1581276922 138
1581276987 562
1581276988 80
1581276988 82
1581276988 72
1581276988 107
1581276988 130
1581276989 121
1581276989 132
1581276990 134
1581276990 121
1581276991 77
1581276991 127
1581276992 122
1581276992 56
1581276993 73
1581276993 134
1581276994 112
1581276994 81
1581276995 54
1581276995 139
1581276996 59
1581276996 78
1581276997 74
1581276997 90
1581276998 66
1581276998 102
1581276999 137
1581276999 82
1581277000 117
1581277000 136
1581277001 138
1581277001 93
1581277002 139
1581277072 521
1581277072 80
1581277072 81
1581277072 72
1581277072 107
1581277073 130
1581277073 121
1581277074 132
1581277074 134
1581277075 122
1581277075 77
1581277076 126
1581277076 122
1581277076 56
1581277077 73
1581277078 133
1581277078 112
1581277078 81
1581277079 55
1581277080 139
1581277080 59
1581277080 78
1581277081 74
1581277081 90
1581277082 66
1581277082 102
1581277083 136
1581277083 82
1581277084 117
1581277085 136
1581277962 502
1581277962 82
1581277962 82
1581277962 72
1581277962 107
1581277963 131
1581277963 121
1581277964 133
1581277964 134
1581277965 122
1581277965 77
1581277966 127
1581277966 123
1581277967 56
1581277967 73
1581277968 134
1581277968 112
1581277969 81
1581277969 55
1581277970 139
1581277970 59
1581277971 78
1581277971 75
1581277972 89
1581277972 66
1581277973 101
1581277973 137
1581277974 81
1581277974 118
1581277975 136
1581277975 139
1581278043 499
1581278043 81
1581278043 80
1581278043 73
1581278043 108
1581278044 130
1581278044 122
1581278045 132
1581278045 134
1581278046 122
1581278046 77
1581278047 127
1581278047 122
1581278048 57
1581278048 73
1581278049 134
1581278049 112
1581278050 81
1581278050 55
1581278051 139
1581278051 59
1581278052 77
1581278052 75
1581278053 90
1581278053 66
1581278054 101
1581278054 137
1581278055 81
1581278055 118
1581278056 135
1581278056 139
1581278057 93
1581278057 139
1581278058 139
1581278126 514
1581278126 81
1581278126 82
1581278126 72
1581278126 108
1581278127 130
1581278127 122
1581278128 132
1581278128 134
1581278129 122
1581278129 77
1581278130 128
1581278130 122
1581278131 57
1581278131 73
1581278132 134
1581278132 112
1581278133 81
1581278133 56
1581278134 139
1581278134 59
1581278135 78
1581278135 75
1581278136 90
1581278136 66
1581278137 103
1581278137 137
1581278138 82
1581278138 118
1581278139 135
1581278140 139
1581278140 93
1581278141 139
1581278141 139
1581278141 76
1581278209 520
1581278209 82
1581278209 82
1581278209 72
1581278210 107
1581278210 130
1581278211 121
1581278211 132
1581278212 134
1581278212 122
1581278213 78
1581278213 127
1581278214 122
1581278214 56
1581278215 73
1581278215 134
1581278216 112
1581278216 81
1581278217 55
1581278217 139
1581278218 59
1581278218 78
1581278219 74
1581278219 90
1581278220 66
1581278220 102
1581278221 137
1581278221 82
1581278222 118
1581278222 136
1581278223 139
1581278290 494
1581278290 81
1581278290 82
1581278291 72
1581278291 108
1581278291 130
1581278292 121
1581278292 132
1581278293 134
1581278293 123
1581278294 77
1581278294 127
1581278295 122
1581278295 56
1581278296 73
1581278296 134
1581278297 112
1581278297 81
1581278298 55
1581278298 139
1581278299 59
1581278299 78
1581278300 75
1581278300 90
1581278301 66
1581278301 103
1581278302 137
1581278302 82
1581278303 118
1581278303 135
1581278304 139
1581278304 93
1581278305 139
1581278305 139
1581278374 542
1581278374 80
1581278374 82
1581278374 72
1581278374 108
1581278375 130
1581278375 122
1581278376 133
1581278376 134
1581278377 122
1581278377 77
1581278378 127
1581278378 122
1581278379 56
1581278379 73
1581278380 134
1581278380 112
1581278381 82
1581278381 55
1581278382 139
1581278382 59
1581278383 78
1581278383 75
1581278384 90
1581278384 66
1581278385 103
1581278385 137
1581278386 82
1581278386 118
1581278387 136
1581278387 139
1581278388 93
1581278388 139
1581278389 139
1581278389 76
1581278457 482
1581278457 79
1581278457 82
1581278457 72
1581278458 107
1581278458 131
1581278459 122
1581278459 133
1581278460 134
1581278460 123
1581278461 77
1581278461 127
1581278462 123
1581278462 56
1581278463 73
1581278463 135
1581278464 112
1581278464 81
1581278465 55
1581278465 139
1581278466 60
1581278466 78
1581278467 74
1581278467 90
1581278468 66
1581278468 103
1581278469 137
1581278469 82
1581278470 118
1581278470 136
1581278471 139
1581278538 485
1581278538 79
1581278539 82
1581278539 72
1581278539 108
1581278539 130
1581278540 121
1581278540 132
1581278541 135
1581278541 122
1581278542 78
1581278542 127
1581278543 123
1581278543 56
1581278544 74
1581278544 134
1581278545 113
1581278545 81
1581278546 55
1581278546 139
1581278547 59
1581278547 78
1581278548 75
1581278548 90
1581278549 66
1581278549 102
1581278550 137
1581278550 82
1581278551 118
1581278551 136
1581278552 139
1581278552 92
1581278553 139
1581278553 138
1581278554 76
1581278622 528
1581278622 83
1581278622 82
1581278622 72
1581278623 107
1581278623 130
1581278624 121
1581278624 132
1581278625 134
1581278625 122
1581278625 78
1581278626 127
1581278627 123
1581278627 56
1581278627 73
1581278628 134
1581278629 112
1581278629 81
1581278629 55
1581278630 140
1581278630 59
1581278631 78
1581278631 75
1581278632 90
1581278632 66
1581278633 102
1581278634 137
1581278634 82
1581278635 118
1581278635 136
1581278636 138
1581278636 93
1581278637 138
1581278637 139
1581278638 76
1581278705 513
1581278705 80
1581278705 82
1581278705 72
1581278706 108
1581278706 131
1581278707 122
1581278707 132
1581278708 135
1581278708 123
1581278709 77
1581278709 127
1581278710 122
1581278710 56
1581278711 73
1581278711 134
1581278712 112
1581278712 81
1581278713 56
1581278713 139
1581278714 59
1581278714 78
1581278715 75
1581278715 90
1581278716 66
1581278716 102
1581278717 137
1581278717 82
1581278718 118
1581278718 136
1581278719 139
1581278719 93
1581278720 139
1581278720 139
1581278787 493
1581278788 80
1581278788 81
1581278788 73
1581278788 108
1581278789 130
1581278789 121
1581278790 133
1581278790 134
1581278791 123
1581278791 77
1581278792 127
1581278792 122
1581278792 56
1581278793 73
1581278794 134
1581278794 112
1581278794 82
1581278795 55
1581278796 139
1581278796 59
1581278796 78
1581278797 75
1581278797 90
1581278798 65
1581278799 102
1581278799 137
1581278799 82
1581278800 118
1581278801 136
1581278801 139
1581278802 93
1581278802 138
1581278803 139
1581278803 75
1581278803 61
1581278804 99
1581278873 499
1581278873 79
1581278873 84
1581278873 73
1581278873 108
1581278874 130
1581278874 122
1581278875 135
1581278875 134
1581278876 122
1581278876 77
1581278877 128
1581278877 122
1581278878 56
1581278878 73
1581278879 135
1581278879 112
1581278880 82
1581278880 55
1581278881 140
1581278881 59
1581278882 78
1581278882 75
1581278883 90
1581278883 66
1581278884 102
1581278884 137
1581278885 82
1581278885 118
1581278886 136
1581278886 139
1581278887 93
1581278887 139
1581278888 139
1581278888 76
1581278889 61
1581278889 100
1581278890 126
1581278890 73
1581279114 502
1581279114 80
1581279114 82
1581279114 72
1581279114 108
1581279115 131
1581279115 122
1581279116 133
1581279116 134
1581279117 123
1581279117 77
1581279118 128
1581279118 122
1581279119 57
1581279119 73
1581279120 134
1581279120 112
1581279121 81
1581279121 55
1581279122 139
1581279122 60
1581279123 78
1581279123 75
1581279124 90
1581279124 66
1581279125 103
1581279125 137
1581279126 82
1581279126 118
1581279127 136
1581279127 139
1581279196 500
1581279196 79
1581279196 81
1581279196 73
1581279196 108
1581279197 130
1581279197 121
1581279198 132
1581279198 134
1581279199 122
1581279199 77
1581279200 127
1581279200 122
1581279201 56
1581279201 73
1581279202 135
1581279202 112
1581279203 81
1581279203 55
1581279204 140
1581279204 59
1581279205 78
1581279205 75
1581279206 90
1581279206 66
1581279207 102
1581279207 137
1581279208 82
1581279208 118
1581279209 136
1581279209 139
1581279210 93
1581279210 139
1581279278 548
1581279279 80
1581279279 82
1581279279 72
1581279279 108
1581279279 130
1581279280 122
1581279280 132
1581279281 135
1581279281 122
1581279282 78
1581279282 127
1581279283 122
1581279283 56
1581279284 73
1581279284 135
1581279285 112
1581279285 82
1581279286 55
1581279286 139
1581279287 59
1581279287 78
1581279288 75
1581279288 90
1581279289 66
1581279289 102
1581279290 136
1581279290 82
1581279291 119
1581279291 136
1581279292 139
1581279292 93
1581279293 139
1581279361 486
1581279361 81
1581279361 82
1581279361 73
1581279361 107
1581279362 131
1581279362 121
1581279363 137
1581279363 134
1581279364 123
1581279364 77
1581279365 127
1581279365 123
1581279366 56
1581279366 73
1581279367 134
1581279367 113
1581279368 81
1581279368 55
1581279369 139
1581279369 60
1581279370 78
1581279370 75
1581279371 90
1581279371 66
1581279372 106
1581279372 137
1581279373 82
1581279373 119
1581279374 136
1581279441 491
1581279441 81
1581279442 81
1581279442 73
1581279442 108
1581279442 130
1581279443 122
1581279443 132
1581279444 135
1581279444 122
1581279445 77
1581279445 128
1581279446 122
1581279446 56
1581279447 73
1581279447 134
1581279448 113
1581279448 81
1581279449 55
1581279449 139
1581279450 59
1581279450 78
1581279451 75
1581279451 90
1581279452 66
1581279452 103
1581279453 137
1581279453 82
1581279454 118
1581279454 136
1581279455 139
1581279455 93
1581279456 139
1581279525 496
1581279525 80
1581279525 82
1581279525 72
1581279525 108
1581279526 131
1581279526 121
1581279527 133
1581279527 134
1581279528 123
1581279528 78
1581279529 127
1581279529 123
1581279530 56
1581279530 73
1581279531 135
1581279531 112
1581279532 82
1581279532 55
1581279533 140
1581279533 59
1581279534 78
1581279534 75
1581279535 90
1581279535 66
1581279536 102
1581279536 137
1581279537 82
1581279537 118
1581279538 136
1581279538 139
1581279539 93
1581279539 139
1581279540 139
1581279608 517
1581279608 81
1581279608 82
1581279608 73
1581279609 108
1581279609 130
1581279610 121
1581279610 133
1581279611 134
1581279611 123
1581279612 77
1581279612 127
1581279613 123
1581279613 56
1581279614 74
1581279614 134
1581279615 113
1581279615 81
1581279616 55
1581279616 140
1581279617 59
1581279617 79
1581279618 75
1581279618 90
1581279619 66
1581279619 102
1581279620 137
1581279620 82
1581279621 118
1581279621 136
1581279622 139
1581279622 93
1581279690 478
1581279690 81
1581279690 81
1581279690 72
1581279691 108
1581279691 130
1581279692 122
1581279692 132
1581279693 135
1581279693 122
1581279694 77
1581279694 127
1581279695 122
1581279695 56
1581279696 73
1581279696 134
1581279697 112
1581279697 81
1581279697 55
1581279698 139
1581279698 59
1581279699 78
1581279700 75
1581279700 90
1581279701 66
1581279701 102
1581279702 137
1581279702 82
1581279703 118
1581279703 136
1581279704 139
1581279704 93
1581279705 139
1581279705 139
1581279773 525
1581279773 81
1581279773 81
1581279774 72
1581279774 107
1581279774 130
1581279775 122
1581279775 132
1581279776 134
1581279776 122
1581279777 78
1581279777 128
1581279778 122
1581279778 56
1581279779 73
1581279779 135
1581279780 113
1581279780 81
1581279781 55
1581279781 141
1581279782 59
1581279782 78
1581279783 75
1581279783 90
1581279784 66
1581279784 103
1581279785 137
1581279785 82
1581279786 118
1581279786 135
1581279787 139
1581279787 93
1581279788 139
1581279788 139
1581279789 76
1581279856 535
1581279856 80
1581279856 82
1581279856 73
1581279857 108
1581279857 130
1581279858 121
1581279858 133
1581279859 134
1581279859 123
1581279860 77
1581279860 127
1581279861 123
1581279861 56
1581279862 74
1581279862 134
1581279863 112
1581279863 81
1581279864 55
1581279864 140
1581279865 59
1581279865 78
1581279866 75
1581279866 90
1581279867 66
1581279867 102
1581279868 137
1581279868 82
1581279869 118
1581279869 136
1581279870 139
1581279870 93
1581279871 139
1581279938 491
1581279938 81
1581279938 80
1581279938 72
1581279938 107
1581279939 131
1581279939 122
1581279940 132
1581279941 135
1581279941 122
1581279941 77
1581279942 127
1581279942 123
1581279943 56
1581279943 73
1581279944 135
1581279944 112
1581279945 82
1581279945 55
1581279946 139
1581279946 59
1581279947 77
1581279947 75
1581279948 90
1581279948 66
1581279949 102
1581279950 137
1581279950 82
1581279951 118
1581279951 136
1581279952 140
1581279952 93
1581279953 139
1581279953 139
1581279953 76
1581279954 61
1581279954 100
1581280023 505
1581280023 83
1581280023 82
1581280023 72
1581280023 108
1581280024 131
1581280024 121
1581280025 133
1581280025 134
1581280026 122
1581280026 77
1581280027 128
1581280027 122
1581280028 57
1581280028 73
1581280029 135
1581280029 112
1581280030 82
1581280030 55
1581280031 140
1581280031 59
1581280032 79
1581280032 75
1581280033 90
1581280033 66
1581280034 102
1581280034 137
1581280035 82
1581280035 118
1581280036 136
1581280036 139
1581280037 93
1581280037 140
1581280038 139
1581280038 76
1581280039 61
1581280039 101
1581280040 127
