1581297527 593
1581297527 83
1581297527 62
1581297527 92
1581297527 135
1581297528 84
1581297528 61
1581297529 139
1581297529 134
1581297530 98
1581297530 142
1581297531 78
1581297531 94
1581297532 139
1581297532 122
1581297533 66
1581297533 114
1581297534 108
1581297534 99
1581297535 101
1581297535 131
1581297536 74
1581297536 117
1581297537 138
1581297537 79
1581297538 81
1581297538 139
1581297539 69
1581297539 59
1581297540 66
1581297540 104
1581297541 113
1581297541 66
1581297542 134
1581297542 125
1581297543 89
1581297543 135
1581297544 119
1581297631 486
1581297631 81
1581297631 60
1581297631 92
1581297631 134
1581297632 85
1581297632 61
1581297633 139
1581297633 134
1581297634 98
1581297634 142
1581297635 78
1581297635 94
1581297636 139
1581297636 122
1581297637 66
1581297637 114
1581297638 108
1581297638 99
1581297639 101
1581297639 131
1581297640 74
1581297640 118
1581297641 138
1581297641 78
1581297642 81
1581297642 139
1581297643 70
1581297643 59
1581297644 66
1581297644 104
1581297645 113
1581297645 66
1581297646 134
1581297646 123
1581297647 88
1581297647 135
1581297648 119
1581297648 88
1581297649 95
1581297649 78
1581297738 517
1581297738 79
1581297738 63
1581297738 92
1581297739 135
1581297739 84
1581297739 61
1581297740 139
1581297741 133
1581297741 97
1581297742 143
1581297742 77
1581297742 95
1581297743 138
1581297744 122
1581297744 66
1581297745 114
1581297745 108
1581297746 99
1581297746 101
1581297747 132
1581297747 74
1581297748 118
1581297748 138
1581297748 83
1581297749 81
1581297750 139
1581297750 69
1581297750 59
1581297751 66
1581297752 104
1581297752 113
1581297752 67
1581297753 134
1581297754 125
1581297754 88
1581297755 136
1581297755 119
1581297756 88
1581297756 95
1581297757 78
1581297757 80
1581297848 545
1581297848 80
1581297848 62
1581297848 92
1581297848 135
1581297849 84
1581297849 61
1581297850 138
1581297850 134
1581297851 98
1581297851 142
1581297852 78
1581297852 94
1581297853 138
1581297853 122
1581297854 66
1581297854 114
1581297855 108
1581297855 99
1581297856 101
1581297856 131
1581297857 75
1581297857 117
1581297858 138
1581297858 78
1581297859 81
1581297859 139
1581297860 69
1581297860 59
1581297861 66
1581297861 105
1581297862 116
1581297862 67
1581297863 135
1581297863 124
1581297864 88
1581297864 136
1581297865 120
1581297952 482
1581297952 79
1581297952 61
1581297952 91
1581297953 135
1581297953 85
1581297954 60
1581297954 139
1581297955 134
1581297955 97
1581297956 142
1581297956 77
1581297957 95
1581297957 139
1581297958 122
1581297958 66
1581297959 115
1581297959 108
1581297960 100
1581297960 101
1581297961 132
1581297961 74
1581297962 117
1581297962 137
1581297963 78
1581297963 81
1581297964 139
1581297964 69
1581297965 59
1581297965 66
1581297966 104
1581297966 114
1581297967 66
1581297967 135
1581297968 124
1581297968 89
1581297969 136
1581297969 120
1581297970 88
1581297970 95
1581297971 78
1581298061 510
1581298061 81
1581298061 62
1581298061 92
1581298062 135
1581298062 85
1581298063 61
1581298063 140
1581298064 134
1581298064 98
1581298065 142
1581298065 78
1581298066 94
1581298066 139
1581298067 122
1581298067 67
1581298068 114
1581298068 109
1581298069 100
1581298069 102
1581298070 132
1581298070 74
1581298071 118
1581298071 138
1581298072 78
1581298072 81
1581298073 139
1581298073 70
1581298074 59
1581298074 67
1581298075 104
1581298075 114
1581298076 66
1581298076 135
1581298077 124
1581298077 89
1581298078 135
1581298078 120
1581298079 88
1581298079 95
1581298080 79
1581298080 81
1581298081 91
1581298191 508
1581298191 83
1581298191 62
1581298191 92
1581298192 135
1581298192 85
1581298193 61
1581298193 139
1581298194 134
1581298194 97
1581298195 143
1581298195 77
1581298196 95
1581298196 138
1581298197 123
1581298197 67
1581298198 114
1581298198 109
1581298199 99
1581298199 102
1581298200 132
1581298200 74
1581298201 118
1581298201 141
1581298202 78
1581298202 81
1581298203 140
1581298203 70
1581298204 59
1581298204 66
1581298205 104
1581298205 113
1581298206 66
1581298206 135
1581298207 124
1581298207 88
1581298208 136
1581298208 119
1581298209 88
1581298315 480
1581298315 81
1581298315 61
1581298316 92
1581298316 135
1581298316 85
1581298317 61
1581298317 139
1581298318 134
1581298318 97
1581298319 143
1581298319 77
1581298320 95
1581298320 138
1581298321 123
1581298321 66
1581298322 115
1581298322 108
1581298323 100
1581298323 101
1581298324 132
1581298324 73
1581298325 118
1581298325 137
1581298326 79
1581298326 80
1581298327 140
1581298327 69
1581298328 60
1581298328 66
1581298329 105
1581298329 113
1581298330 66
1581298330 134
1581298331 124
1581298331 88
1581298332 136
1581298332 120
1581298333 88
1581298333 95
1581298334 78
1581298334 80
1581298445 540
1581298445 82
1581298445 61
1581298445 92
1581298446 135
1581298446 85
1581298447 61
1581298447 139
1581298448 135
1581298448 98
1581298449 143
1581298449 78
1581298450 95
1581298450 139
1581298451 122
1581298451 67
1581298452 114
1581298452 109
1581298453 99
1581298453 102
1581298454 132
1581298454 75
1581298455 118
1581298455 137
1581298456 79
1581298456 80
1581298457 140
1581298457 69
1581298458 60
1581298458 66
1581298459 105
1581298459 113
1581298460 66
1581298460 134
1581298461 124
1581298461 88
1581298462 135
1581298462 120
1581298463 88
1581298463 96
1581298464 79
1581298464 80
1581298465 92
1581298822 514
1581298822 80
1581298822 62
1581298822 92
1581298822 135
1581298823 85
1581298823 60
1581298824 139
1581298824 133
1581298825 98
1581298825 143
1581298826 77
1581298826 95
1581298827 139
1581298827 123
1581298828 67
1581298828 115
1581298829 108
1581298829 100
1581298830 101
1581298830 132
1581298831 74
1581298831 118
1581298832 137
1581298832 79
1581298833 81
1581298833 139
1581298834 70
1581298834 59
1581298835 67
1581298835 104
1581298836 113
1581298836 67
1581298837 134
1581298837 125
1581298838 88
1581298838 136
1581298839 119
1581298839 88
1581298840 96
1581298840 78
1581298841 81
1581298841 92
1581298842 63
1581298842 89
1581298843 69
1581298843 96
1581298844 116
1581298844 139
1581298845 135
1581298845 64
1581298846 131
1581299199 477
1581299199 79
1581299199 61
1581299199 92
1581299200 136
1581299200 85
1581299201 61
1581299201 139
1581299202 134
1581299202 98
1581299203 143
1581299203 77
1581299204 95
1581299204 138
1581299205 123
1581299205 66
1581299206 114
1581299206 108
1581299207 99
1581299207 102
1581299208 131
1581299208 74
1581299209 118
1581299209 137
1581299210 79
1581299210 80
1581299211 140
1581299211 69
1581299212 59
1581299212 66
1581299213 104
1581299213 114
1581299214 66
1581299214 135
1581299215 124
1581299215 89
1581299216 135
1581299216 119
1581299217 88
1581299217 95
1581299218 78
1581299218 80
1581299219 91
1581299219 63
1581299220 88
1581299220 69
1581299221 95
1581299221 115
1581299222 139
1581299222 134
1581299223 65
1581299223 130
1581299224 73
1581299224 81
1581299225 89
1581299225 125
1581299226 98
1581299580 515
1581299580 82
1581299581 63
1581299581 92
1581299581 135
1581299581 86
1581299582 61
1581299582 139
1581299583 134
1581299583 97
1581299584 143
1581299584 77
1581299585 95
1581299585 138
1581299586 123
1581299586 66
1581299587 115
1581299587 108
1581299588 100
1581299588 101
1581299589 132
1581299589 74
1581299590 117
1581299590 138
1581299591 79
1581299591 81
1581299592 140
1581299592 70
1581299593 60
1581299593 67
1581299594 104
1581299594 114
1581299595 66
1581299595 135
1581299596 125
1581299596 88
1581299597 136
1581299597 119
1581299598 88
1581299598 96
1581299599 79
1581299599 81
1581299600 92
1581299600 64
1581299601 88
1581299601 70
1581299602 96
1581299602 116
1581299603 139
1581299604 135
1581299604 64
1581299604 131
1581299605 74
1581299605 81
1581299606 89
1581299606 125
1581299607 99
1581299925 499
1581299925 80
1581299926 62
1581299926 93
1581299926 136
1581299926 86
1581299927 61
1581299928 140
1581299928 134
1581299928 98
1581299929 143
1581299929 77
1581299930 95
1581299931 139
1581299931 123
1581299931 66
1581299932 115
1581299932 109
1581299933 100
1581299933 102
1581299934 132
1581299934 74
1581299935 118
1581299936 138
1581299936 79
1581299936 81
1581299937 139
1581299937 70
1581299938 60
1581299938 67
1581299939 105
1581299939 114
1581299940 66
1581299941 134
1581299941 125
1581299941 89
1581299942 135
1581299943 120
1581299943 88
1581299943 96
1581299944 78
1581300036 494
1581300037 80
1581300037 62
1581300037 92
1581300037 134
1581300037 86
1581300038 61
1581300039 139
1581300039 134
1581300040 97
1581300040 143
1581300040 78
1581300041 95
1581300042 139
1581300042 122
1581300042 67
1581300043 114
1581300044 109
1581300044 99
1581300045 101
1581300045 132
1581300045 74
1581300046 118
1581300047 137
1581300047 79
1581300047 81
1581300048 139
1581300048 69
1581300049 59
1581300049 67
1581300050 104
1581300051 113
1581300051 66
1581300052 134
1581300052 124
1581300053 88
1581300053 136
1581300054 119
1581300054 88
1581300055 95
1581300055 78
1581300056 81
1581300056 91
1581300154 536
1581300154 82
1581300154 62
1581300154 93
1581300154 135
1581300155 85
1581300155 62
1581300156 139
1581300156 135
1581300157 98
1581300157 143
1581300158 78
1581300158 94
1581300159 139
1581300159 122
1581300160 67
1581300160 114
1581300161 109
1581300161 100
1581300162 101
1581300162 132
1581300163 74
1581300163 117
1581300164 138
1581300164 79
1581300165 81
1581300165 139
1581300166 70
1581300166 59
1581300167 67
1581300167 105
1581300168 113
1581300168 67
1581300169 134
1581300169 125
1581300170 88
1581300170 136
1581300171 119
1581300171 89
1581300172 96
1581300172 79
1581300173 81
1581300173 91
1581300174 64
1581300174 88
1581300265 504
1581300266 81
1581300266 62
1581300266 93
1581300266 135
1581300266 85
1581300267 61
1581300268 139
1581300268 134
1581300269 97
1581300269 143
1581300269 78
1581300270 94
1581300271 139
1581300271 123
1581300271 67
1581300272 115
1581300273 109
1581300273 100
1581300274 101
1581300274 133
1581300274 74
1581300275 117
1581300276 138
1581300276 78
1581300276 81
1581300277 140
1581300277 70
1581300278 60
1581300278 66
1581300279 105
1581300280 113
1581300280 67
1581300281 135
1581300281 125
1581300282 88
1581300282 136
1581300283 119
1581300376 480
1581300376 79
1581300376 60
1581300376 91
1581300377 135
1581300377 85
1581300378 61
1581300378 139
1581300379 134
1581300379 98
1581300380 143
1581300380 78
1581300381 95
1581300381 138
1581300382 122
1581300382 66
1581300383 115
1581300383 108
1581300384 100
1581300384 102
1581300385 132
1581300385 74
1581300386 117
1581300386 138
1581300387 78
1581300387 81
1581300388 139
1581300388 69
1581300389 60
1581300389 66
1581300390 105
1581300390 114
1581300391 66
1581300391 134
1581300392 124
1581300392 88
1581300393 136
1581300393 119
1581300394 88
1581300394 95
1581300395 79
1581300395 80
1581300396 91
1581300396 63
1581300494 512
1581300494 81
1581300494 62
1581300494 92
1581300494 139
1581300495 85
1581300495 61
1581300496 140
1581300496 134
1581300497 98
1581300497 143
1581300498 78
1581300498 95
1581300499 139
1581300499 122
1581300500 67
1581300500 114
1581300501 109
1581300501 99
1581300502 102
1581300502 132
1581300503 74
1581300503 118
1581300504 138
1581300504 79
1581300505 81
1581300505 140
1581300506 70
1581300506 59
1581300507 67
1581300507 105
1581300508 113
1581300508 66
1581300509 134
1581300509 124
1581300510 88
1581300510 135
1581300511 119
1581300511 89
1581300512 95
1581300512 79
1581300513 80
1581300513 92
1581300514 63
1581300624 495
1581300624 82
1581300624 61
1581300624 92
1581300625 136
1581300625 85
1581300626 61
1581300626 140
1581300627 134
1581300627 97
1581300628 143
1581300628 78
1581300629 95
1581300629 138
1581300630 123
1581300630 66
1581300631 115
1581300631 108
1581300632 100
1581300632 102
1581300633 132
1581300633 74
1581300634 118
1581300634 137
1581300635 79
1581300635 81
1581300636 140
1581300636 69
1581300637 60
1581300637 66
1581300638 105
1581300638 113
1581300639 67
1581300639 135
1581300640 125
1581300640 89
1581300641 136
1581300641 119
1581300642 89
1581300754 489
1581300754 83
1581300754 61
1581300754 92
1581300754 135
1581300755 85
1581300755 61
1581300756 139
1581300756 134
1581300757 98
1581300757 143
1581300758 78
1581300758 95
1581300759 139
1581300759 123
1581300760 66
1581300760 116
1581300761 109
1581300761 99
1581300762 102
1581300762 132
1581300763 74
1581300763 117
1581300764 139
1581300764 78
1581300765 81
1581300765 140
1581300766 69
1581300766 60
1581300767 67
1581300767 104
1581300768 113
1581300768 66
1581300769 134
1581300769 124
1581300770 88
1581300770 136
1581300771 120
1581300771 88
1581300772 96
1581300772 79
1581300773 80
1581300773 92
1581300890 506
1581300890 81
1581300890 64
1581300890 92
1581300890 136
1581300891 85
1581300891 61
1581300892 139
1581300892 135
1581300893 98
1581300893 143
1581300894 77
1581300894 95
1581300895 139
1581300895 123
1581300896 66
1581300896 115
1581300897 109
1581300897 99
1581300898 102
1581300898 132
1581300899 73
1581300899 118
1581300900 138
1581300900 79
1581300901 80
1581300901 140
1581300902 69
1581300902 60
1581300903 67
1581300903 105
1581300904 113
1581300904 67
1581300905 135
1581300905 125
1581300906 89
1581300906 136
1581300907 120
1581300907 89
1581300908 95
1581300908 79
1581300909 81
1581300909 91
1581300910 65
1581300910 89
1581301264 513
1581301264 80
1581301264 61
1581301264 92
1581301265 135
1581301265 85
1581301266 61
1581301266 140
1581301267 134
1581301267 98
1581301268 143
1581301268 78
1581301269 95
1581301269 139
1581301270 122
1581301270 67
1581301271 114
1581301271 109
1581301272 100
1581301272 102
1581301273 132
1581301273 75
1581301274 118
1581301274 137
1581301275 79
1581301275 81
1581301276 140
1581301276 70
1581301277 60
1581301277 66
1581301278 105
1581301278 114
1581301279 66
1581301279 134
1581301280 125
1581301280 88
1581301281 136
1581301281 119
1581301282 88
1581301282 95
1581301283 79
1581301283 80
1581301284 92
1581301284 63
1581301285 89
1581301285 70
1581301286 96
1581301286 116
1581301287 139
1581301287 135
1581301288 65
1581301288 132
1581301289 74
1581301289 81
1581301290 90
1581301290 125
1581301648 492
1581301648 78
1581301648 61
1581301648 92
1581301649 135
1581301649 85
1581301650 61
1581301650 140
1581301651 134
1581301651 98
1581301652 143
1581301652 78
1581301653 95
1581301653 139
1581301654 123
1581301654 67
1581301655 115
1581301655 109
1581301656 99
1581301656 102
1581301657 132
1581301657 74
1581301658 117
1581301658 137
1581301659 78
1581301659 81
1581301660 140
1581301660 70
1581301661 60
1581301661 67
1581301662 105
1581301662 114
1581301663 66
1581301663 135
1581301664 124
1581301664 88
1581301665 136
1581301665 119
1581301666 89
1581301666 96
1581301667 78
1581301667 81
1581301668 91
1581301668 64
1581301669 89
1581301669 70
1581301670 95
1581301670 115
1581301671 140
1581301671 135
1581301672 64
1581301672 131
1581301673 73
1581301673 82
1581301674 89
1581301674 125
1581301675 98
1581302035 492
1581302035 81
1581302035 63
1581302035 92
1581302036 136
1581302036 85
1581302036 61
1581302037 140
1581302038 134
1581302038 98
1581302039 143
1581302039 78
1581302040 94
1581302040 139
1581302041 122
1581302041 66
1581302042 115
1581302042 108
1581302043 100
1581302043 102
1581302044 132
1581302044 74
1581302045 118
1581302045 138
1581302046 79
1581302046 81
1581302047 139
1581302047 70
1581302047 59
1581302048 67
1581302049 105
1581302049 113
1581302049 67
1581302050 134
1581302051 125
1581302051 88
1581302052 136
1581302052 120
1581302053 89
1581302053 96
1581302054 78
1581302054 81
1581302055 91
1581302055 64
1581302056 88
1581302056 70
1581302057 95
1581302057 116
1581302058 139
1581302058 135
1581302059 65
1581302059 130
1581302060 74
1581302060 81
1581302061 90
1581302061 125
1581302062 99
1581302062 90
1581302063 135
1581302382 518
1581302382 82
1581302383 62
1581302383 92
1581302383 135
1581302383 86
1581302384 61
1581302384 140
1581302385 134
1581302385 98
1581302386 143
1581302386 78
1581302387 95
1581302387 140
1581302388 123
1581302388 67
1581302389 115
1581302389 109
1581302390 100
1581302390 102
1581302391 132
1581302391 74
1581302392 118
1581302392 138
1581302393 79
1581302393 81
1581302394 140
1581302394 70
1581302395 60
1581302395 67
1581302396 105
1581302396 114
1581302397 66
1581302397 135
1581302398 124
1581302398 89
1581302399 136
1581302399 120
1581302400 88
1581302400 96
1581302401 78
1581302495 481
1581302495 81
1581302495 60
1581302495 91
1581302496 135
1581302496 85
1581302497 61
1581302497 140
1581302498 134
1581302498 97
1581302499 143
1581302499 78
1581302500 95
1581302500 138
1581302501 123
1581302501 66
1581302502 115
1581302502 108
1581302503 99
1581302503 101
1581302504 131
1581302504 74
1581302505 118
1581302505 138
1581302506 78
1581302506 81
1581302507 140
1581302507 69
1581302508 60
1581302508 66
1581302509 105
1581302509 113
1581302510 66
1581302510 134
1581302511 124
1581302511 88
1581302512 135
1581302512 120
1581302513 88
1581302513 95
1581302514 79
1581302514 80
1581302515 92
1581302515 63
1581302516 88
1581302613 512
1581302613 80
1581302613 64
1581302613 92
1581302613 136
1581302614 86
1581302614 62
1581302615 140
1581302615 135
1581302616 100
1581302616 143
1581302617 78
1581302617 95
1581302618 139
1581302618 122
1581302619 66
1581302619 115
1581302620 109
1581302620 99
1581302621 102
1581302621 132
1581302622 74
1581302622 119
1581302623 138
1581302623 79
1581302624 80
1581302624 140
1581302625 70
1581302625 60
1581302626 67
1581302626 105
1581302627 114
1581302627 67
1581302628 134
1581302628 125
1581302629 88
1581302629 136
1581302630 120
1581302630 89
1581302631 96
1581302631 79
1581302632 81
1581302632 92
1581302633 64
1581302633 89
1581302634 70
1581302728 546
1581302728 81
1581302728 62
1581302728 92
1581302729 135
1581302729 86
1581302730 61
1581302730 139
1581302731 134
1581302731 98
1581302732 143
1581302732 78
1581302733 95
1581302733 139
1581302734 123
1581302734 67
1581302735 115
1581302735 109
1581302736 100
1581302736 102
1581302737 132
1581302737 74
1581302738 118
1581302738 138
1581302739 79
1581302739 81
1581302740 139
1581302740 70
1581302741 59
1581302741 67
1581302742 104
1581302742 114
1581302743 66
1581302743 135
1581302744 124
1581302744 89
1581302745 136
1581302745 120
1581302746 88
1581302746 96
1581302747 78
1581302747 80
1581302842 478
1581302842 78
1581302842 61
1581302842 92
1581302843 135
1581302843 85
1581302844 62
1581302844 139
1581302845 134
1581302845 98
1581302846 143
1581302846 78
1581302847 95
1581302847 138
1581302848 123
1581302848 66
1581302849 115
1581302849 108
1581302850 100
1581302850 102
1581302851 131
1581302851 74
1581302852 118
1581302852 138
1581302853 79
1581302853 81
1581302854 139
1581302854 69
1581302855 60
1581302855 67
1581302856 104
1581302856 114
1581302857 66
1581302857 134
1581302858 125
1581302858 88
1581302859 136
1581302859 119
1581302860 88
1581302860 96
1581302861 79
1581302861 81
1581302862 92
1581302862 63
1581302863 88
1581302964 512
1581302964 82
1581302964 62
1581302964 92
1581302964 135
1581302965 85
1581302965 62
1581302966 139
1581302966 135
1581302967 98
1581302967 144
1581302968 78
1581302968 95
1581302969 139
1581302969 123
1581302970 67
1581302970 115
1581302971 109
1581302971 100
1581302972 102
1581302972 132
1581302973 75
1581302973 118
1581302974 138
1581302974 79
1581302975 82
1581302975 140
1581302976 69
1581302976 60
1581302977 66
1581302977 105
1581302978 114
1581302978 66
1581302979 135
1581302979 125
1581302980 89
1581302980 136
1581302981 120
1581302981 88
1581302982 96
1581302982 79
1581302983 80
1581302983 92
1581302984 64
1581302984 88
1581302985 70
1581303099 519
1581303099 84
1581303100 62
1581303100 92
1581303100 135
1581303100 86
1581303101 62
1581303101 140
1581303102 134
1581303102 97
1581303103 143
1581303103 77
1581303104 95
1581303104 139
1581303105 123
1581303105 66
1581303106 115
1581303106 109
1581303107 100
1581303107 102
1581303108 132
1581303108 74
1581303109 118
1581303109 138
1581303110 79
1581303110 81
1581303111 140
1581303111 70
1581303112 60
1581303112 66
1581303113 104
1581303113 114
1581303114 67
1581303114 134
1581303115 125
1581303115 88
1581303116 136
1581303116 144
1581303117 88
1581303117 96
1581303118 79
1581303118 80
1581303119 92
1581303235 504
1581303235 81
1581303235 62
1581303235 93
1581303236 135
1581303236 85
1581303237 61
1581303237 139
1581303238 135
1581303238 98
1581303239 143
1581303239 78
1581303240 94
1581303240 139
1581303241 122
1581303241 67
1581303242 115
1581303242 109
1581303243 99
1581303243 102
1581303244 132
1581303244 73
1581303245 118
1581303245 137
1581303246 79
1581303246 81
1581303247 140
1581303247 70
1581303248 60
1581303248 66
1581303249 104
1581303249 114
1581303250 66
1581303250 135
1581303251 124
1581303251 89
1581303252 135
1581303252 120
1581303253 89
1581303253 182
1581303254 79
1581303254 83
1581303255 92
1581303255 63
1581303256 88
1581303373 523
1581303373 83
1581303373 64
1581303373 92
1581303374 136
1581303374 86
1581303375 61
1581303375 140
1581303376 134
1581303376 98
1581303377 143
1581303377 79
1581303378 95
1581303378 139
1581303379 123
1581303379 67
1581303380 115
1581303380 109
1581303381 99
1581303381 102
1581303382 132
1581303382 75
1581303383 121
1581303383 139
1581303384 79
1581303384 82
1581303385 140
1581303385 70
1581303386 60
1581303386 67
1581303387 105
1581303387 114
1581303388 67
1581303388 135
1581303389 124
1581303389 89
1581303390 135
1581303390 120
1581303391 88
1581303391 95
1581303392 79
1581303392 81
1581303393 92
1581303393 64
1581303394 89
1581303394 70
1581303395 96
1581303752 509
1581303752 81
1581303752 63
1581303753 93
1581303753 135
1581303753 85
1581303754 61
1581303754 139
1581303755 134
1581303755 98
1581303756 143
1581303756 78
1581303757 95
1581303757 139
1581303758 123
1581303758 67
1581303759 115
1581303759 109
1581303760 100
1581303760 102
1581303761 132
1581303761 73
1581303762 118
1581303762 138
1581303763 79
1581303763 81
1581303764 140
1581303764 70
1581303765 60
1581303765 67
1581303766 105
1581303766 114
1581303767 67
1581303767 135
1581303768 125
1581303768 89
1581303769 136
1581303769 120
1581303770 88
1581303770 95
1581303771 79
1581303771 80
1581303772 93
1581303772 64
1581303773 89
1581303773 69
1581303774 96
1581303774 116
1581303775 140
1581303775 136
1581303776 64
1581303776 131
1581303777 73
1581303777 82
1581303778 89
1581303778 125
1581303779 103
1581303779 90
1581303780 135
1581304138 489
1581304138 78
1581304138 60
1581304138 92
1581304138 135
1581304139 85
1581304139 62
1581304140 139
1581304140 134
1581304141 98
1581304141 142
1581304142 78
1581304142 94
1581304143 139
1581304143 123
1581304144 67
1581304144 115
1581304145 109
1581304145 100
1581304146 101
1581304146 132
1581304147 74
1581304147 118
1581304148 138
1581304148 78
1581304149 82
1581304149 139
1581304150 70
1581304150 60
1581304151 67
1581304151 105
1581304152 114
1581304152 67
1581304153 135
1581304153 125
1581304154 88
1581304154 136
1581304155 120
1581304155 88
1581304156 96
1581304156 78
1581304157 81
1581304157 92
1581304158 63
1581304158 89
1581304159 69
1581304159 96
1581304160 116
1581304160 140
1581304161 135
1581304161 66
1581304162 131
1581304162 73
1581304163 82
1581304163 89
1581304164 126
1581304164 98
1581304165 91
1581304165 134
1581304166 114
1581304526 529
1581304526 82
1581304526 61
1581304526 92
1581304526 136
1581304527 85
1581304527 61
1581304528 140
1581304528 134
1581304529 98
1581304529 143
1581304530 78
1581304530 95
1581304531 139
1581304531 123
1581304531 66
1581304532 115
1581304533 109
1581304533 100
1581304534 102
1581304534 133
1581304535 75
1581304535 118
1581304536 138
1581304536 78
1581304537 81
1581304537 139
1581304538 70
1581304538 60
1581304539 67
1581304539 105
1581304540 115
1581304540 67
1581304541 135
1581304541 125
1581304542 88
1581304542 136
1581304543 120
1581304543 89
1581304544 95
1581304544 79
1581304545 80
1581304545 92
1581304546 63
1581304546 89
1581304547 70
1581304547 96
1581304548 116
1581304548 140
1581304549 135
1581304549 65
1581304550 131
1581304550 74
1581304551 81
1581304551 90
1581304552 126
1581304552 99
1581304553 91
1581304553 134
1581304554 115
1581304554 127
1581304555 92
1581304555 118
