1581289854 469
1581289854 157
1581289854 107
1581289854 89
1581289855 70
1581289855 86
1581289856 83
1581289856 101
1581289857 58
1581289857 139
1581289858 82
1581289858 107
1581289859 60
1581289859 69
1581289860 131
1581289860 104
1581289861 128
1581289861 132
1581289862 80
1581289862 140
1581289863 142
1581289863 108
1581289864 139
1581289864 88
1581289865 142
1581289865 100
1581289866 66
1581289866 76
1581289867 142
1581289867 63
1581289868 131
1581289868 61
1581289869 401
1581289869 102
1581289870 108
1581289870 143
1581289871 112
1581289871 64
1581289872 142
1581289872 116
1581289873 131
1581289939 431
1581289939 147
1581289939 105
1581289940 90
1581289940 70
1581289940 86
1581289941 82
1581289941 101
1581289942 57
1581289942 140
1581289943 81
1581289943 108
1581289944 60
1581289944 69
1581289945 131
1581289945 104
1581289946 128
1581289946 132
1581289947 80
1581289947 140
1581289948 141
1581289948 107
1581289949 139
1581289949 88
1581289950 142
1581289950 99
1581289951 67
1581289951 76
1581289952 142
1581289952 63
1581289953 131
1581289953 60
1581289954 104
1581289954 102
1581289955 107
1581289955 143
1581289956 111
1581289956 64
1581289957 142
1581289957 116
1581289958 131
1581289958 128
1581289959 94
1581289959 85
1581290028 554
1581290028 147
1581290028 109
1581290028 90
1581290028 74
1581290029 86
1581290029 83
1581290030 101
1581290030 58
1581290031 140
1581290031 82
1581290032 107
1581290032 61
1581290033 69
1581290033 131
1581290034 104
1581290034 128
1581290035 132
1581290035 80
1581290036 140
1581290036 142
1581290037 107
1581290037 140
1581290038 87
1581290038 143
1581290039 100
1581290039 66
1581290040 77
1581290040 141
1581290041 64
1581290041 131
1581290042 61
1581290042 105
1581290043 102
1581290043 108
1581290044 144
1581290044 111
1581290045 65
1581290045 142
1581290046 116
1581290046 132
1581290047 128
1581290047 95
1581290048 85
1581290048 63
1581290049 56
1581290126 6961
1581290126 145
1581290126 108
1581290126 91
1581290126 70
1581290126 86
1581290126 82
1581290126 100
1581290127 57
1581290127 140
1581290127 82
1581290127 108
1581290127 60
1581290127 69
1581290127 131
1581290127 104
1581290127 128
1581290128 132
1581290128 80
1581290128 140
1581290128 141
1581290128 107
1581290129 140
1581290129 87
1581290130 143
1581290130 99
1581290131 67
1581290131 77
1581290132 141
1581290132 63
1581290133 131
1581290133 60
1581290134 105
1581290134 102
1581290135 108
1581290135 144
1581290136 111
1581290136 65
1581290137 143
1581290137 116
1581290138 131
1581291090 457
1581291090 147
1581291090 107
1581291090 90
1581291090 70
1581291091 86
1581291091 83
1581291092 101
1581291092 58
1581291093 140
1581291093 82
1581291094 108
1581291094 61
1581291095 70
1581291095 131
1581291096 105
1581291096 129
1581291097 132
1581291097 81
1581291098 141
1581291098 142
1581291099 107
1581291099 140
1581291100 88
1581291100 143
1581291101 100
1581291101 67
1581291102 77
1581291102 142
1581291103 64
1581291103 132
1581291104 60
1581291104 106
1581291105 102
1581291105 109
1581291106 143
1581291106 112
1581291107 64
1581291107 143
1581291108 116
1581291108 132
1581291109 128
1581291109 95
1581291179 447
1581291179 147
1581291180 106
1581291180 90
1581291180 70
1581291180 86
1581291181 83
1581291181 101
1581291182 58
1581291182 139
1581291183 82
1581291183 108
1581291184 61
1581291184 70
1581291185 132
1581291185 105
1581291186 128
1581291186 133
1581291187 80
1581291187 141
1581291188 141
1581291188 107
1581291189 139
1581291189 88
1581291190 143
1581291190 100
1581291191 66
1581291191 77
1581291192 142
1581291192 63
1581291193 131
1581291193 60
1581291194 106
1581291194 103
1581291195 108
1581291195 144
1581291196 111
1581291196 64
1581291197 142
1581291197 116
1581291198 131
1581291198 129
1581291199 94
1581291199 85
1581291270 447
1581291270 150
1581291270 109
1581291270 90
1581291270 71
1581291271 86
1581291271 84
1581291272 101
1581291272 59
1581291273 139
1581291273 82
1581291274 108
1581291274 61
1581291275 70
1581291275 132
1581291276 105
1581291276 129
1581291277 133
1581291277 81
1581291278 141
1581291279 142
1581291279 108
1581291280 140
1581291280 88
1581291281 142
1581291281 100
1581291281 66
1581291282 77
1581291283 142
1581291283 64
1581291283 132
1581291284 61
1581291284 108
1581291285 103
1581291285 108
1581291286 143
1581291286 112
1581291287 64
1581291288 142
1581291288 117
1581291289 132
1581291289 129
1581291289 97
1581291290 86
1581291290 63
1581291360 540
1581291360 147
1581291360 107
1581291361 90
1581291361 70
1581291361 86
1581291362 83
1581291362 101
1581291363 58
1581291363 139
1581291364 81
1581291364 107
1581291365 61
1581291365 70
1581291366 132
1581291366 105
1581291367 129
1581291367 133
1581291368 81
1581291368 141
1581291369 142
1581291369 106
1581291370 140
1581291370 87
1581291371 143
1581291371 100
1581291372 67
1581291372 79
1581291373 142
1581291373 64
1581291374 132
1581291374 60
1581291375 106
1581291375 102
1581291376 109
1581291376 143
1581291377 112
1581291377 65
1581291378 143
1581291378 116
1581291379 131
1581291449 449
1581291449 147
1581291449 106
1581291449 90
1581291450 70
1581291450 86
1581291451 83
1581291451 101
1581291452 58
1581291452 139
1581291453 82
1581291453 107
1581291454 60
1581291454 70
1581291455 131
1581291455 105
1581291456 129
1581291456 132
1581291457 81
1581291457 140
1581291458 142
1581291458 107
1581291459 140
1581291459 87
1581291460 143
1581291460 99
1581291461 66
1581291461 77
1581291462 141
1581291462 63
1581291463 131
1581291463 60
1581291464 105
1581291464 102
1581291465 108
1581291465 143
1581291466 111
1581291466 64
1581291467 142
1581291467 116
1581291468 131
1581291468 128
1581291469 95
1581291469 85
1581291470 63
1581291470 56
1581291541 500
1581291542 146
1581291542 109
1581291542 90
1581291542 71
1581291543 86
1581291543 83
1581291544 102
1581291544 58
1581291545 140
1581291545 82
1581291546 108
1581291546 61
1581291546 70
1581291547 132
1581291548 105
1581291548 129
1581291549 133
1581291549 80
1581291550 141
1581291550 142
1581291551 107
1581291551 140
1581291552 87
1581291552 143
1581291553 99
1581291553 67
1581291554 76
1581291554 142
1581291555 63
1581291555 132
1581291556 61
1581291556 105
1581291557 103
1581291557 109
1581291558 143
1581291558 112
1581291559 64
1581291559 142
1581291560 116
1581291560 132
1581291561 131
1581291561 96
1581291562 86
1581291562 63
1581291563 56
1581291563 56
1581291633 459
1581291633 147
1581291634 108
1581291634 91
1581291634 70
1581291634 86
1581291635 83
1581291635 101
1581291636 59
1581291636 140
1581291637 81
1581291637 108
1581291638 60
1581291638 70
1581291639 132
1581291639 105
1581291640 129
1581291640 132
1581291641 81
1581291641 140
1581291642 142
1581291642 107
1581291643 140
1581291643 88
1581291644 142
1581291644 100
1581291645 67
1581291645 77
1581291646 142
1581291646 63
1581291647 132
1581291647 60
1581291648 105
1581291648 103
1581291649 108
1581291649 144
1581291650 112
1581291650 65
1581291651 143
1581291651 116
1581291652 132
1581291652 128
1581291722 447
1581291722 144
1581291722 106
1581291722 90
1581291722 70
1581291723 86
1581291723 83
1581291724 101
1581291724 58
1581291725 140
1581291725 81
1581291726 108
1581291726 61
1581291727 69
1581291727 132
1581291728 104
1581291728 129
1581291729 132
1581291729 81
1581291730 141
1581291730 141
1581291731 107
1581291731 139
1581291732 88
1581291732 143
1581291733 99
1581291733 67
1581291734 76
1581291734 142
1581291735 63
1581291735 131
1581291736 60
1581291736 105
1581291737 103
1581291737 108
1581291738 144
1581291738 112
1581291739 64
1581291739 143
1581291740 117
1581291740 132
1581291741 128
1581291741 94
1581291742 85
1581291742 63
1581291813 454
1581291813 150
1581291813 107
1581291813 90
1581291813 70
1581291814 86
1581291814 84
1581291815 101
1581291815 58
1581291816 140
1581291816 82
1581291817 107
1581291817 61
1581291818 69
1581291818 132
1581291819 104
1581291819 129
1581291820 133
1581291820 80
1581291821 141
1581291821 142
1581291822 109
1581291822 140
1581291823 88
1581291823 143
1581291824 100
1581291824 67
1581291825 76
1581291825 142
1581291826 63
1581291826 132
1581291827 61
1581291827 105
1581291828 103
1581291828 108
1581291829 144
1581291829 112
1581291830 65
1581291830 143
1581291831 116
1581291831 132
1581291832 128
1581291832 94
1581291833 86
1581291833 63
1581291834 57
1581291834 55
1581291835 55
1581291904 448
1581291904 148
1581291904 107
1581291904 90
1581291905 70
1581291905 87
1581291906 83
1581291906 101
1581291907 58
1581291907 140
1581291908 82
1581291908 108
1581291909 61
1581291909 70
1581291910 132
1581291910 105
1581291911 129
1581291911 132
1581291912 81
1581291912 141
1581291913 142
1581291913 107
1581291914 140
1581291914 88
1581291915 143
1581291915 100
1581291916 67
1581291916 77
1581291917 142
1581291917 64
1581291918 132
1581291918 62
1581291919 106
1581291919 103
1581291920 109
1581291920 144
1581291921 112
1581291921 65
1581291922 143
1581291922 116
1581291923 132
1581291923 128
1581291924 95
1581291924 86
1581291925 64
1581291925 57
1581291926 56
1581291926 55
1581291927 143
1581291927 88
1581291928 102
1581291928 62
1581291929 57
1581291929 73
1581291930 122
1581291999 430
1581291999 144
1581291999 106
1581291999 90
1581292000 70
1581292000 86
1581292001 83
1581292001 101
1581292002 58
1581292002 139
1581292003 82
1581292003 107
1581292004 61
1581292004 69
1581292005 132
1581292005 104
1581292006 128
1581292006 132
1581292007 80
1581292007 141
1581292008 142
1581292008 107
1581292009 140
1581292009 88
1581292010 143
1581292010 100
1581292011 66
1581292011 76
1581292012 143
1581292012 63
1581292013 132
1581292013 61
1581292014 106
1581292014 102
1581292015 109
1581292015 143
1581292016 111
1581292016 64
1581292017 143
1581292017 116
1581292018 132
1581292018 128
1581292019 94
1581292019 86
1581292020 63
1581292020 56
1581292021 55
1581292021 54
1581292022 143
1581292022 87
1581292023 102
1581292023 62
1581292024 56
1581292024 73
1581292025 121
1581292095 448
1581292096 147
1581292096 107
1581292096 90
1581292096 71
1581292096 86
1581292097 84
1581292097 102
1581292098 58
1581292099 140
1581292099 83
1581292099 108
1581292100 61
1581292100 70
1581292101 132
1581292101 104
1581292102 129
1581292103 132
1581292103 81
1581292104 141
1581292104 141
1581292104 107
1581292105 139
1581292105 88
1581292106 142
1581292106 101
1581292107 67
1581292107 76
1581292108 142
1581292108 64
1581292109 132
1581292109 61
1581292110 105
1581292110 103
1581292111 109
1581292112 144
1581292112 112
1581292112 64
1581292113 143
1581292114 116
1581292114 131
1581292115 128
1581292115 95
1581292115 85
1581292116 64
1581292116 56
1581292117 56
1581292117 55
1581292118 142
1581292118 88
1581292119 102
1581292119 63
1581292120 57
1581292120 73
1581292121 122
1581292122 97
1581292122 128
1581292122 90
1581292123 134
1581292123 54
1581292350 503
1581292350 148
1581292350 106
1581292350 90
1581292350 70
1581292351 86
1581292351 84
1581292352 101
1581292352 59
1581292353 140
1581292353 82
1581292354 107
1581292354 61
1581292355 70
1581292356 132
1581292356 105
1581292357 129
1581292357 133
1581292357 81
1581292358 141
1581292359 142
1581292359 107
1581292360 140
1581292360 88
1581292361 143
1581292361 100
1581292361 67
1581292362 76
1581292363 142
1581292363 64
1581292364 132
1581292364 61
1581292365 105
1581292365 103
1581292366 108
1581292366 144
1581292367 111
1581292367 65
1581292368 142
1581292368 117
1581292369 131
1581292369 129
1581292370 95
1581292370 86
1581292370 63
1581292441 433
1581292441 146
1581292441 105
1581292442 89
1581292442 70
1581292442 86
1581292443 83
1581292443 101
1581292444 58
1581292444 140
1581292445 82
1581292445 107
1581292446 61
1581292446 69
1581292447 131
1581292447 104
1581292448 129
1581292448 132
1581292449 81
1581292449 140
1581292450 142
1581292450 107
1581292451 140
1581292451 87
1581292452 143
1581292452 99
1581292453 67
1581292453 77
1581292454 142
1581292454 63
1581292455 132
1581292455 60
1581292456 105
1581292456 102
1581292457 108
1581292457 143
1581292458 112
1581292458 64
1581292459 143
1581292459 116
1581292460 132
1581292460 129
1581292461 94
1581292461 86
1581292462 63
1581292462 56
1581292463 56
1581292534 477
1581292534 149
1581292534 108
1581292534 91
1581292534 70
1581292535 87
1581292535 83
1581292536 102
1581292536 58
1581292537 140
1581292537 82
1581292538 108
1581292538 61
1581292539 70
1581292539 132
1581292540 105
1581292540 129
1581292541 133
1581292541 81
1581292542 141
1581292542 142
1581292543 107
1581292543 140
1581292544 88
1581292544 143
1581292545 100
1581292545 67
1581292546 77
1581292546 142
1581292547 63
1581292547 132
1581292548 61
1581292548 106
1581292549 102
1581292549 109
1581292550 143
1581292550 111
1581292551 65
1581292551 142
1581292552 117
1581292552 132
1581292553 130
1581292553 95
1581292554 85
1581292554 64
1581292555 56
1581292555 56
1581292556 54
1581292626 464
1581292626 149
1581292626 107
1581292626 91
1581292626 71
1581292627 86
1581292627 84
1581292628 101
1581292628 58
1581292629 140
1581292629 82
1581292630 107
1581292630 61
1581292631 70
1581292631 132
1581292632 105
1581292632 129
1581292633 133
1581292633 80
1581292634 141
1581292634 141
1581292635 107
1581292635 139
1581292636 88
1581292636 143
1581292637 100
1581292637 66
1581292638 77
1581292638 142
1581292639 64
1581292639 132
1581292640 60
1581292640 106
1581292641 102
1581292641 108
1581292642 144
1581292642 111
1581292643 65
1581292643 142
1581292644 117
1581292644 131
1581292645 128
1581292645 94
1581292646 86
1581292646 63
1581292717 443
1581292717 145
1581292717 106
1581292717 90
1581292718 71
1581292718 86
1581292719 83
1581292719 101
1581292720 57
1581292720 140
1581292721 82
1581292721 108
1581292722 61
1581292722 70
1581292723 132
1581292723 105
1581292724 129
1581292724 133
1581292725 81
1581292725 141
1581292726 142
1581292726 107
1581292727 139
1581292727 87
1581292728 142
1581292728 100
1581292729 66
1581292729 77
1581292730 143
1581292730 64
1581292731 131
1581292731 61
1581292732 106
1581292732 102
1581292733 109
1581292733 143
1581292734 111
1581292734 64
1581292735 142
1581292735 116
1581292736 131
1581292736 129
1581292737 95
1581292737 85
1581292738 64
1581292738 56
1581292739 56
1581292811 481
1581292811 146
1581292811 109
1581292811 90
1581292811 70
1581292812 87
1581292812 83
1581292813 102
1581292813 58
1581292814 141
1581292814 82
1581292815 108
1581292815 61
1581292816 70
1581292816 132
1581292817 105
1581292817 128
1581292818 133
1581292818 80
1581292819 141
1581292819 142
1581292820 106
1581292820 140
1581292821 88
1581292821 143
1581292822 100
1581292822 67
1581292823 77
1581292823 142
1581292824 64
1581292824 132
1581292825 61
1581292825 105
1581292826 103
1581292826 109
1581292827 143
1581292827 112
1581292828 65
1581292828 143
1581292829 117
1581292829 132
1581292830 129
1581292830 95
1581292831 86
1581292831 63
1581292832 56
1581292832 56
1581292902 457
1581292902 148
1581292902 106
1581292902 90
1581292903 71
1581292903 86
1581292904 83
1581292904 102
1581292905 58
1581292905 140
1581292906 82
1581292906 109
1581292907 61
1581292907 70
1581292908 132
1581292908 105
1581292909 129
1581292909 133
1581292910 81
1581292910 141
1581292911 142
1581292911 108
1581292912 140
1581292912 87
1581292913 143
1581292913 100
1581292914 67
1581292914 77
1581292915 142
1581292915 64
1581292916 132
1581292916 61
1581292917 105
1581292917 103
1581292918 109
1581292918 144
1581292919 112
1581292919 64
1581292920 143
1581292920 117
1581292921 132
1581292921 131
1581292922 96
1581292992 445
1581292992 145
1581292992 106
1581292992 90
1581292993 70
1581292993 86
1581292994 83
1581292994 101
1581292995 58
1581292995 140
1581292996 81
1581292996 108
1581292997 61
1581292997 69
1581292998 132
1581292998 105
1581292999 129
1581292999 133
1581293000 80
1581293000 141
1581293001 142
1581293001 107
1581293002 139
1581293002 87
1581293003 143
1581293003 99
1581293004 67
1581293004 77
1581293005 143
1581293005 64
1581293006 132
1581293006 61
1581293007 106
1581293007 102
1581293008 109
1581293008 144
1581293009 112
1581293009 65
1581293010 143
1581293010 117
1581293011 131
1581293011 130
1581293012 95
1581293012 86
1581293013 64
1581293013 56
1581293014 56
1581293014 55
1581293086 484
1581293086 148
1581293086 107
1581293086 90
1581293086 71
1581293087 86
1581293087 83
1581293088 101
1581293088 58
1581293089 140
1581293089 81
1581293090 108
1581293090 61
1581293091 70
1581293091 132
1581293092 105
1581293092 128
1581293093 133
1581293093 81
1581293094 140
1581293094 142
1581293095 106
1581293095 140
1581293096 87
1581293096 143
1581293097 99
1581293097 67
1581293098 77
1581293098 141
1581293099 64
1581293099 132
1581293100 61
1581293100 105
1581293101 103
1581293101 117
1581293102 143
1581293102 112
1581293103 65
1581293103 143
1581293104 117
1581293104 132
1581293105 129
1581293105 95
1581293106 85
1581293106 64
1581293107 56
1581293107 56
1581293108 54
1581293108 143
1581293109 88
1581293180 451
1581293180 147
1581293180 106
1581293180 90
1581293181 70
1581293181 86
1581293182 84
1581293182 101
1581293183 59
1581293183 140
1581293184 82
1581293184 108
1581293185 62
1581293185 70
1581293186 131
1581293186 105
1581293187 129
1581293187 133
1581293188 81
1581293188 141
1581293189 142
1581293189 107
1581293190 140
1581293190 88
1581293191 143
1581293191 100
1581293192 67
1581293192 77
1581293193 142
1581293193 63
1581293194 132
1581293194 61
1581293195 106
1581293195 103
1581293196 109
1581293196 144
1581293197 112
1581293197 65
1581293198 143
1581293198 117
1581293199 131
1581293199 129
1581293200 95
1581293200 85
1581293201 64
1581293201 56
1581293202 56
1581293202 54
1581293203 143
1581293203 88
1581293204 102
1581293204 63
1581293205 56
1581293205 74
1581293206 121
1581293206 97
1581293207 128
1581293207 90
1581293278 429
1581293278 146
1581293278 106
1581293278 90
1581293278 70
1581293279 86
1581293279 83
1581293280 101
1581293280 59
1581293281 139
1581293281 82
1581293282 107
1581293282 60
1581293283 69
1581293283 131
1581293284 104
1581293284 128
1581293285 133
1581293285 80
1581293286 141
1581293286 142
1581293287 108
1581293287 140
1581293288 87
1581293288 143
1581293289 100
1581293289 66
1581293290 77
1581293290 142
1581293291 64
1581293291 132
1581293292 61
1581293292 106
1581293293 103
1581293293 108
1581293294 144
1581293294 111
1581293295 65
1581293295 143
1581293296 116
1581293296 132
1581293297 128
1581293297 95
1581293298 85
1581293298 64
1581293299 56
1581293299 56
1581293300 55
1581293300 143
1581293301 88
1581293301 102
1581293302 62
1581293302 57
1581293303 73
1581293303 121
1581293304 97
1581293304 128
1581293305 90
1581293305 134
1581293377 475
1581293378 149
1581293378 107
1581293378 90
1581293378 71
1581293378 86
1581293379 83
1581293379 103
1581293380 58
1581293380 140
1581293381 82
1581293381 108
1581293382 61
1581293382 69
1581293383 132
1581293383 104
1581293384 129
1581293384 133
1581293385 81
1581293385 141
1581293386 142
1581293386 107
1581293387 140
1581293387 88
1581293388 143
1581293388 100
1581293389 68
1581293389 76
1581293390 142
1581293390 64
1581293391 132
1581293391 61
1581293392 106
1581293392 103
1581293393 109
1581293393 144
1581293394 112
1581293394 65
1581293395 143
1581293395 116
1581293396 132
1581293396 128
1581293397 95
1581293397 85
1581293398 64
1581293398 56
1581293399 56
1581293399 54
1581293400 143
1581293400 88
1581293401 102
1581293401 63
1581293402 57
1581293402 74
1581293403 121
1581293403 97
1581293404 128
1581293404 91
1581293405 135
1581293405 53
1581293406 114
1581293406 74
1581293407 58
1581293407 92