1581213089 550
1581213089 127
1581213089 138
1581213089 62
1581213089 104
1581213090 81
1581213090 68
1581213091 107
1581213091 122
1581213092 122
1581213092 124
1581213093 123
1581213093 79
1581213094 122
1581213094 61
1581213095 110
1581213095 109
1581213096 105
1581213096 52
1581213097 90
1581213097 120
1581213098 106
1581213098 131
1581213099 115
1581213099 135
1581213100 111
1581213100 129
1581213101 68
1581213101 74
1581213102 93
1581213179 459
1581213179 129
1581213180 138
1581213180 62
1581213180 104
1581213180 81
1581213181 68
1581213181 107
1581213182 122
1581213182 123
1581213183 124
1581213183 122
1581213184 80
1581213184 121
1581213185 61
1581213185 110
1581213186 110
1581213186 104
1581213187 53
1581213187 89
1581213188 120
1581213188 104
1581213189 132
1581213189 114
1581213190 135
1581213190 111
1581213191 129
1581213191 68
1581213192 73
1581213192 93
1581213193 125
1581213193 97
1581213194 82
1581213275 474
1581213275 127
1581213275 138
1581213275 62
1581213276 104
1581213276 81
1581213277 68
1581213277 108
1581213278 122
1581213278 123
1581213279 124
1581213279 122
1581213280 80
1581213280 122
1581213281 62
1581213281 110
1581213282 110
1581213282 105
1581213283 53
1581213283 90
1581213284 121
1581213284 104
1581213285 132
1581213285 114
1581213286 136
1581213286 111
1581213287 128
1581213287 69
1581213288 73
1581213288 94
1581213289 124
1581213289 98
1581213290 82
1581213290 82
1581213374 481
1581213374 130
1581213374 139
1581213374 62
1581213374 104
1581213375 81
1581213375 68
1581213376 110
1581213376 122
1581213377 123
1581213377 123
1581213378 122
1581213378 79
1581213379 122
1581213379 62
1581213380 110
1581213380 110
1581213381 105
1581213381 53
1581213382 90
1581213382 121
1581213383 105
1581213383 132
1581213384 115
1581213384 136
1581213385 111
1581213385 128
1581213386 68
1581213386 73
1581213387 94
1581213465 442
1581213465 128
1581213466 138
1581213466 62
1581213466 104
1581213466 81
1581213467 68
1581213467 108
1581213468 122
1581213468 123
1581213469 124
1581213469 122
1581213470 80
1581213470 122
1581213471 61
1581213471 110
1581213472 109
1581213472 105
1581213473 53
1581213473 90
1581213474 121
1581213474 104
1581213475 131
1581213475 115
1581213476 136
1581213476 111
1581213477 128
1581213477 69
1581213478 73
1581213478 94
1581213479 124
1581213479 97
1581213480 82
1581213561 458
1581213561 129
1581213562 140
1581213562 62
1581213562 104
1581213562 81
1581213563 69
1581213563 108
1581213564 122
1581213564 123
1581213565 124
1581213565 122
1581213566 80
1581213566 122
1581213567 62
1581213567 110
1581213568 110
1581213568 105
1581213569 53
1581213569 90
1581213570 121
1581213570 104
1581213571 131
1581213571 115
1581213572 136
1581213572 112
1581213573 129
1581213573 68
1581213574 74
1581213574 94
1581213575 125
1581213575 98
1581213576 83
1581213576 83
1581213660 474
1581213660 129
1581213661 139
1581213661 62
1581213661 104
1581213661 81
1581213662 67
1581213662 108
1581213663 122
1581213663 123
1581213664 124
1581213664 122
1581213665 80
1581213665 122
1581213666 62
1581213666 110
1581213667 110
1581213667 105
1581213668 53
1581213668 89
1581213669 121
1581213669 104
1581213670 132
1581213670 115
1581213671 136
1581213671 111
1581213672 128
1581213672 69
1581213673 73
1581213673 94
1581213751 449
1581213751 128
1581213751 138
1581213751 63
1581213752 104
1581213752 81
1581213753 67
1581213753 108
1581213754 122
1581213754 123
1581213755 124
1581213755 122
1581213756 80
1581213756 121
1581213757 62
1581213757 110
1581213758 110
1581213758 105
1581213759 52
1581213759 90
1581213760 121
1581213760 103
1581213761 132
1581213761 114
1581213762 136
1581213762 111
1581213763 128
1581213763 69
1581213764 74
1581213764 93
1581213765 125
1581213765 98
1581213766 83
1581213847 514
1581213847 128
1581213847 138
1581213847 62
1581213847 104
1581213848 81
1581213848 68
1581213849 108
1581213849 122
1581213850 123
1581213850 124
1581213851 122
1581213851 79
1581213852 122
1581213852 61
1581213853 110
1581213853 110
1581213854 105
1581213854 53
1581213855 90
1581213855 121
1581213856 104
1581213856 131
1581213857 115
1581213857 136
1581213858 111
1581213858 129
1581213859 68
1581213859 74
1581213860 94
1581213860 125
1581213861 98
1581213861 83
1581213862 83
1581213953 486
1581213953 128
1581213953 139
1581213953 63
1581213954 104
1581213954 81
1581213955 68
1581213955 108
1581213956 123
1581213956 123
1581213957 124
1581213957 122
1581213958 80
1581213958 122
1581213959 62
1581213959 110
1581213960 110
1581213960 105
1581213961 53
1581213961 90
1581213962 121
1581213962 104
1581213963 132
1581213963 115
1581213964 136
1581213964 111
1581213965 129
1581213965 69
1581213966 74
1581213966 94
1581213967 125
1581213967 98
1581213968 83
1581214046 452
1581214046 127
1581214046 138
1581214046 62
1581214046 105
1581214047 81
1581214047 68
1581214048 108
1581214048 122
1581214049 124
1581214049 124
1581214050 122
1581214050 80
1581214051 122
1581214051 63
1581214052 110
1581214052 110
1581214053 105
1581214053 54
1581214054 90
1581214054 121
1581214055 104
1581214055 131
1581214056 115
1581214056 135
1581214057 111
1581214057 128
1581214058 69
1581214058 74
1581214059 94
1581214059 125
1581214060 97
1581214060 83
1581214061 82
1581214061 77
1581214062 88
1581214062 74
1581214145 515
1581214145 129
1581214145 138
1581214146 62
1581214146 104
1581214146 81
1581214147 69
1581214147 108
1581214148 123
1581214148 123
1581214149 125
1581214149 122
1581214150 80
1581214150 122
1581214151 62
1581214151 111
1581214152 110
1581214152 105
1581214153 53
1581214153 89
1581214154 121
1581214154 103
1581214155 132
1581214155 114
1581214156 136
1581214156 111
1581214157 129
1581214157 69
1581214158 73
1581214158 94
1581214159 124
1581214159 98
1581214160 83
1581214160 83
1581214161 77
1581214161 89
1581214162 74
1581214472 466
1581214472 131
1581214472 139
1581214472 63
1581214472 104
1581214473 81
1581214473 68
1581214474 109
1581214474 122
1581214475 123
1581214475 126
1581214476 122
1581214476 81
1581214477 122
1581214477 63
1581214478 110
1581214478 111
1581214479 105
1581214479 53
1581214480 89
1581214480 121
1581214481 104
1581214481 132
1581214482 115
1581214482 136
1581214483 111
1581214483 129
1581214484 68
1581214484 74
1581214485 93
1581214569 462
1581214569 128
1581214569 138
1581214569 63
1581214569 104
1581214570 82
1581214570 68
1581214571 108
1581214571 122
1581214572 123
1581214572 125
1581214573 122
1581214573 80
1581214574 122
1581214574 62
1581214575 110
1581214575 110
1581214576 104
1581214576 53
1581214577 90
1581214577 121
1581214578 104
1581214578 132
1581214579 115
1581214579 135
1581214580 111
1581214580 129
1581214581 69
1581214581 74
1581214582 93
1581214582 125
1581214583 98
1581214583 82
1581214668 472
1581214668 127
1581214668 138
1581214668 62
1581214669 105
1581214669 81
1581214670 69
1581214670 108
1581214671 122
1581214671 123
1581214672 125
1581214672 122
1581214673 80
1581214673 123
1581214674 62
1581214674 110
1581214675 111
1581214675 105
1581214676 53
1581214676 90
1581214677 121
1581214677 103
1581214678 132
1581214678 114
1581214679 136
1581214679 111
1581214680 129
1581214680 69
1581214681 74
1581214681 94
1581214682 125
1581214682 98
1581214683 83
1581214683 83
1581214766 468
1581214766 129
1581214766 139
1581214766 63
1581214766 104
1581214767 81
1581214767 68
1581214768 108
1581214768 122
1581214769 123
1581214769 124
1581214770 122
1581214770 80
1581214771 122
1581214771 62
1581214772 111
1581214772 110
1581214773 105
1581214773 53
1581214774 91
1581214774 121
1581214775 103
1581214775 132
1581214776 114
1581214776 136
1581214777 111
1581214777 129
1581214778 69
1581214778 74
1581214779 94
1581214862 452
1581214862 125
1581214862 138
1581214862 62
1581214863 105
1581214863 81
1581214864 68
1581214864 108
1581214865 122
1581214865 123
1581214866 124
1581214866 122
1581214867 80
1581214867 122
1581214868 62
1581214868 110
1581214869 110
1581214869 105
1581214869 52
1581214870 90
1581214871 121
1581214871 104
1581214872 131
1581214872 115
1581214873 136
1581214873 111
1581214874 129
1581214874 69
1581214875 74
1581214875 94
1581214876 125
1581214876 97
1581214877 83
1581214962 472
1581214962 131
1581214963 139
1581214963 62
1581214963 105
1581214963 82
1581214964 68
1581214964 109
1581214965 122
1581214965 124
1581214966 124
1581214966 122
1581214967 80
1581214967 122
1581214968 62
1581214968 110
1581214969 110
1581214969 105
1581214970 53
1581214970 91
1581214971 121
1581214971 104
1581214972 132
1581214972 115
1581214973 136
1581214973 111
1581214974 129
1581214974 69
1581214975 73
1581214975 94
1581214976 124
1581214976 98
1581214977 83
1581214977 82
1581215061 490
1581215061 129
1581215062 140
1581215062 62
1581215062 105
1581215062 81
1581215063 69
1581215063 108
1581215064 122
1581215064 123
1581215065 125
1581215065 122
1581215066 80
1581215066 123
1581215067 62
1581215067 110
1581215068 111
1581215068 105
1581215069 53
1581215069 90
1581215070 121
1581215070 105
1581215071 132
1581215071 114
1581215072 136
1581215072 112
1581215073 129
1581215073 68
1581215074 74
1581215074 94
1581215075 125
1581215158 455
1581215158 126
1581215158 137
1581215158 62
1581215158 105
1581215159 81
1581215159 68
1581215160 108
1581215160 122
1581215161 124
1581215161 124
1581215162 122
1581215162 80
1581215163 122
1581215163 61
1581215164 110
1581215164 110
1581215165 105
1581215165 52
1581215166 90
1581215166 121
1581215167 105
1581215167 132
1581215168 115
1581215168 136
1581215169 111
1581215169 129
1581215170 69
1581215170 73
1581215171 94
1581215171 124
1581215172 98
1581215172 82
1581215173 83
1581215259 471
1581215259 130
1581215259 140
1581215259 63
1581215259 105
1581215260 81
1581215260 68
1581215261 109
1581215261 122
1581215262 123
1581215262 125
1581215263 122
1581215263 81
1581215264 122
1581215264 62
1581215265 110
1581215265 112
1581215266 105
1581215266 53
1581215267 90
1581215267 122
1581215268 104
1581215268 132
1581215269 115
1581215269 136
1581215270 111
1581215270 129
1581215271 69
1581215271 74
1581215272 94
1581215272 125
1581215273 98
1581215273 83
1581215274 83
1581215357 484
1581215357 129
1581215357 138
1581215357 62
1581215357 104
1581215358 81
1581215358 69
1581215359 108
1581215360 127
1581215360 123
1581215361 124
1581215361 122
1581215361 81
1581215362 122
1581215362 62
1581215363 110
1581215364 110
1581215364 105
1581215364 53
1581215365 90
1581215366 121
1581215366 105
1581215367 132
1581215367 115
1581215368 136
1581215368 111
1581215369 129
1581215369 69
1581215369 74
1581215370 94
1581215371 125
1581215371 98
1581215372 83
1581215456 444
1581215456 128
1581215456 138
1581215456 63
1581215457 104
1581215457 81
1581215458 68
1581215458 108
1581215459 123
1581215459 123
1581215460 124
1581215460 122
1581215461 80
1581215461 123
1581215462 62
1581215462 111
1581215463 110
1581215463 105
1581215464 53
1581215464 90
1581215465 121
1581215465 104
1581215466 132
1581215466 115
1581215467 136
1581215467 113
1581215468 128
1581215468 69
1581215469 73
1581215469 94
1581215470 125
1581215470 98
1581215471 83
1581215471 83
1581215472 76
1581215472 89
1581215473 73
1581215559 471
1581215559 128
1581215559 140
1581215559 62
1581215560 104
1581215560 81
1581215561 69
1581215561 108
1581215562 123
1581215562 123
1581215563 125
1581215563 122
1581215564 81
1581215564 122
1581215565 63
1581215565 110
1581215566 111
1581215566 105
1581215567 54
1581215567 90
1581215568 121
1581215568 104
1581215569 132
1581215569 115
1581215570 136
1581215570 112
1581215571 129
1581215571 69
1581215572 74
1581215572 95
1581215573 125
1581215573 98
1581215574 83
1581215574 83
1581215575 77
1581215575 89
1581215576 74
1581215886 487
1581215886 127
1581215887 139
1581215887 62
1581215887 105
1581215887 82
1581215888 69
1581215888 109
1581215889 123
1581215889 124
1581215890 124
1581215890 122
1581215891 80
1581215891 123
1581215892 62
1581215892 111
1581215893 110
1581215893 105
1581215894 53
1581215894 90
1581215895 122
1581215895 104
1581215896 132
1581215896 115
1581215897 136
1581215897 115
1581215898 129
1581215898 69
1581215899 74
1581215899 94
1581215984 464
1581215984 129
1581215984 137
1581215984 62
1581215985 104
1581215985 81
1581215986 68
1581215986 108
1581215987 122
1581215987 123
1581215988 124
1581215988 122
1581215989 81
1581215989 122
1581215990 63
1581215990 110
1581215991 110
1581215991 105
1581215992 53
1581215992 90
1581215993 121
1581215993 104
1581215994 132
1581215994 115
1581215995 136
1581215995 111
1581215996 129
1581215996 69
1581215997 74
1581215997 94
1581215998 125
1581215998 98
1581215999 83
1581216086 464
1581216086 129
1581216086 139
1581216086 62
1581216086 105
1581216087 81
1581216087 69
1581216088 109
1581216088 122
1581216089 123
1581216089 124
1581216090 123
1581216090 80
1581216091 123
1581216091 62
1581216092 110
1581216092 111
1581216093 105
1581216093 54
1581216094 90
1581216094 121
1581216095 104
1581216095 132
1581216096 115
1581216096 136
1581216097 111
1581216097 129
1581216098 69
1581216098 74
1581216099 94
1581216099 125
1581216100 99
1581216100 83
1581216101 83
1581216185 485
1581216185 130
1581216185 139
1581216185 62
1581216185 104
1581216186 82
1581216186 68
1581216187 108
1581216187 122
1581216188 123
1581216188 125
1581216189 122
1581216189 81
1581216190 123
1581216190 62
1581216191 111
1581216191 110
1581216192 106
1581216192 53
1581216193 90
1581216193 121
1581216194 104
1581216194 132
1581216195 115
1581216195 137
1581216196 111
1581216196 129
1581216197 69
1581216197 74
1581216198 94
1581216285 448
1581216285 128
1581216285 137
1581216286 63
1581216286 105
1581216286 81
1581216287 68
1581216287 108
1581216288 122
1581216288 123
1581216289 124
1581216289 123
1581216290 80
1581216290 122
1581216291 63
1581216291 110
1581216292 110
1581216292 106
1581216293 53
1581216293 91
1581216294 121
1581216294 104
1581216295 132
1581216295 115
1581216296 136
1581216296 111
1581216297 129
1581216297 69
1581216298 74
1581216298 94
1581216299 125
1581216299 98
1581216300 83
1581216300 83
1581216388 498
1581216388 128
1581216388 138
1581216388 62
1581216388 104
1581216389 82
1581216389 69
1581216390 108
1581216391 123
1581216391 123
1581216392 125
1581216392 122
1581216392 81
1581216393 122
1581216393 62
1581216394 110
1581216395 110
1581216395 105
1581216395 53
1581216396 91
1581216397 121
1581216397 104
1581216398 132
1581216398 115
1581216399 136
1581216399 111
1581216400 129
1581216400 69
1581216400 74
1581216401 94
1581216402 125
1581216402 98
1581216402 82
1581216403 83
1581216487 454
1581216487 128
1581216487 140
1581216487 62
1581216487 105
1581216488 82
1581216488 68
1581216489 112
1581216489 122
1581216490 123
1581216490 125
1581216491 122
1581216491 81
1581216492 122
1581216492 63
1581216493 110
1581216493 110
1581216494 105
1581216494 53
1581216495 91
1581216495 121
1581216496 105
1581216496 132
1581216497 116
1581216497 136
1581216498 111
1581216498 129
1581216499 68
1581216499 74
1581216500 94
1581216585 454
1581216585 127
1581216585 138
1581216585 62
1581216586 104
1581216586 81
1581216586 68
1581216587 108
1581216588 122
1581216588 123
1581216589 125
1581216589 122
1581216589 81
1581216590 122
1581216590 63
1581216591 110
1581216592 111
1581216592 105
1581216592 54
1581216593 90
1581216594 121
1581216594 104
1581216595 132
1581216595 115
1581216596 136
1581216596 111
1581216597 129
1581216597 69
1581216598 74
1581216598 94
1581216599 125
1581216599 98
1581216600 83
1581216600 83
1581216686 478
1581216686 130
1581216686 139
1581216686 62
1581216687 105
1581216687 81
1581216688 69
1581216688 108
1581216689 123
1581216689 123
1581216690 125
1581216690 122
1581216691 81
1581216691 122
1581216692 62
1581216692 111
1581216693 110
1581216693 105
1581216694 53
1581216694 90
1581216695 121
1581216695 104
1581216696 132
1581216696 115
1581216697 136
1581216697 112
1581216698 129
1581216698 69
1581216699 75
1581216699 94
1581216700 125
1581216700 98
1581216701 83
1581216701 83
1581216787 475
1581216787 129
1581216787 138
1581216788 63
1581216788 104
1581216788 82
1581216789 68
1581216789 109
1581216790 123
1581216790 123
1581216791 125
1581216791 122
1581216792 81
1581216792 122
1581216793 62
1581216793 111
1581216794 110
1581216794 105
1581216795 53
1581216795 90
1581216796 121
1581216796 105
1581216797 132
1581216797 115
1581216798 136
1581216798 111
1581216799 129
1581216799 69
1581216800 74
1581216800 94
1581216801 126
1581216801 98
1581216802 83
1581216802 83
1581216888 447
1581216888 129
1581216888 138
1581216888 62
1581216888 104
1581216889 82
1581216889 68
1581216890 109
1581216890 122
1581216891 124
1581216891 124
1581216892 122
1581216892 80
1581216893 122
1581216893 62
1581216894 110
1581216894 110
1581216895 105
1581216895 54
1581216896 90
1581216896 121
1581216897 104
1581216897 132
1581216898 115
1581216898 136
1581216899 111
1581216899 129
1581216900 68
1581216900 74
1581216901 94
1581216901 125
1581216902 98
1581216902 83
1581216903 83
1581216903 77
1581216904 89
1581216904 74
1581216992 471
1581216992 136
1581216992 139
1581216992 62
1581216992 105
1581216993 81
1581216993 69
1581216994 109
1581216994 123
1581216995 123
1581216995 125
1581216996 122
1581216996 80
1581216997 123
1581216997 62
1581216998 111
1581216998 110
1581216999 105
1581216999 53
1581217000 91
1581217000 121
1581217001 104
1581217001 132
1581217002 115
1581217002 136
1581217003 111
1581217003 129
1581217004 69
1581217004 74
1581217005 94
1581217005 125
1581217006 98
1581217006 83
1581217007 83
1581217007 78
1581217008 89
1581217008 74
1581217009 121