1581208504 566
1581208505 116
1581208505 117
1581208505 137
1581208505 130
1581208505 128
1581208506 64
1581208506 119
1581208507 128
1581208507 120
1581208508 93
1581208508 129
1581208509 62
1581208509 99
1581208510 97
1581208510 53
1581208511 114
1581208511 118
1581208512 117
1581208512 61
1581208513 109
1581208513 140
1581208514 78
1581208514 93
1581208515 128
1581208515 104
1581208516 129
1581208516 136
1581208517 119
1581208517 120
1581208581 461
1581208582 112
1581208582 117
1581208582 136
1581208582 130
1581208583 129
1581208583 64
1581208584 119
1581208584 128
1581208585 120
1581208585 93
1581208586 129
1581208586 62
1581208586 99
1581208587 97
1581208587 52
1581208588 114
1581208589 117
1581208589 118
1581208589 60
1581208590 110
1581208591 139
1581208591 79
1581208591 92
1581208592 128
1581208593 104
1581208593 129
1581208594 135
1581208594 119
1581208595 120
1581208595 93
1581208595 80
1581208596 128
1581208662 467
1581208662 121
1581208663 118
1581208663 137
1581208663 130
1581208663 129
1581208664 64
1581208664 119
1581208665 128
1581208665 120
1581208666 93
1581208666 129
1581208667 61
1581208667 99
1581208668 96
1581208668 53
1581208669 114
1581208669 118
1581208670 117
1581208670 61
1581208671 110
1581208671 140
1581208672 78
1581208672 93
1581208673 128
1581208673 105
1581208674 130
1581208674 136
1581208675 120
1581208675 120
1581208676 93
1581208676 80
1581208677 129
1581208677 132
1581208757 11069
1581208757 111
1581208757 118
1581208757 136
1581208757 130
1581208758 129
1581208758 63
1581208758 119
1581208758 127
1581208758 120
1581208758 93
1581208758 128
1581208758 61
1581208758 98
1581208758 96
1581208758 52
1581208759 113
1581208759 117
1581208759 117
1581208759 60
1581208759 109
1581208759 139
1581208759 78
1581208759 92
1581208759 127
1581208760 103
1581209636 478
1581209636 114
1581209636 119
1581209636 137
1581209636 131
1581209637 129
1581209637 64
1581209638 119
1581209638 128
1581209639 120
1581209639 94
1581209640 129
1581209640 62
1581209641 100
1581209641 97
1581209642 53
1581209642 114
1581209643 118
1581209643 117
1581209644 61
1581209644 110
1581209645 140
1581209645 79
1581209646 93
1581209646 128
1581209647 104
1581209647 130
1581209648 136
1581209648 120
1581209649 120
1581209649 94
1581209717 450
1581209717 113
1581209717 118
1581209717 137
1581209717 130
1581209718 129
1581209718 64
1581209719 119
1581209719 128
1581209720 120
1581209720 93
1581209721 130
1581209721 62
1581209722 99
1581209722 97
1581209723 52
1581209723 114
1581209724 118
1581209724 118
1581209725 61
1581209725 109
1581209726 140
1581209726 79
1581209727 93
1581209727 128
1581209728 104
1581209728 129
1581209729 136
1581209729 119
1581209730 119
1581209730 94
1581209731 80
1581209731 129
1581209732 133
1581209800 552
1581209801 114
1581209801 117
1581209801 136
1581209801 130
1581209801 130
1581209802 64
1581209802 119
1581209803 128
1581209803 121
1581209804 93
1581209804 130
1581209805 62
1581209805 99
1581209806 97
1581209806 53
1581209807 114
1581209807 117
1581209808 118
1581209808 62
1581209809 110
1581209809 140
1581209810 79
1581209810 92
1581209811 128
1581209811 104
1581209812 130
1581209812 135
1581209813 120
1581209813 120
1581209814 94
1581209814 81
1581209815 129
1581209815 133
1581209883 453
1581209883 114
1581209884 118
1581209884 137
1581209884 130
1581209884 129
1581209885 64
1581209885 119
1581209886 128
1581209886 120
1581209887 93
1581209887 129
1581209888 62
1581209888 99
1581209889 97
1581209889 53
1581209890 114
1581209890 118
1581209891 118
1581209891 61
1581209892 111
1581209892 140
1581209893 78
1581209893 93
1581209894 128
1581209894 104
1581209895 130
1581209895 136
1581209896 120
1581209896 120
1581209897 94
1581209964 460
1581209965 114
1581209965 117
1581209965 136
1581209965 130
1581209966 129
1581209966 64
1581209967 119
1581209967 129
1581209968 120
1581209968 93
1581209969 129
1581209969 62
1581209970 99
1581209970 97
1581209970 53
1581209971 115
1581209972 118
1581209972 118
1581209972 61
1581209973 110
1581209974 140
1581209974 78
1581209975 93
1581209975 128
1581209976 104
1581209976 129
1581209977 136
1581209977 120
1581209978 120
1581209978 93
1581209979 81
1581209979 129
1581209980 133
1581210048 488
1581210048 116
1581210048 120
1581210048 137
1581210049 130
1581210049 129
1581210050 64
1581210050 119
1581210051 129
1581210051 120
1581210052 94
1581210052 129
1581210053 62
1581210053 99
1581210054 98
1581210054 53
1581210055 115
1581210055 118
1581210056 118
1581210056 61
1581210057 111
1581210057 140
1581210058 79
1581210058 93
1581210059 128
1581210059 104
1581210060 130
1581210060 135
1581210061 120
1581210061 119
1581210062 94
1581210062 81
1581210063 129
1581210063 133
1581210131 467
1581210131 116
1581210131 118
1581210131 137
1581210132 130
1581210132 129
1581210133 65
1581210133 119
1581210134 129
1581210134 120
1581210135 94
1581210135 130
1581210136 62
1581210136 99
1581210137 97
1581210137 53
1581210138 114
1581210138 118
1581210139 118
1581210139 61
1581210140 110
1581210140 140
1581210141 79
1581210141 93
1581210142 128
1581210142 104
1581210143 130
1581210143 136
1581210144 120
1581210144 120
1581210145 94
1581210212 463
1581210212 114
1581210213 117
1581210213 136
1581210213 131
1581210213 129
1581210214 64
1581210214 119
1581210215 128
1581210215 120
1581210216 93
1581210216 129
1581210217 62
1581210217 99
1581210218 97
1581210218 54
1581210219 114
1581210219 118
1581210220 118
1581210220 61
1581210221 110
1581210221 140
1581210222 79
1581210222 92
1581210223 128
1581210223 104
1581210224 130
1581210224 135
1581210225 120
1581210225 120
1581210226 94
1581210226 81
1581210227 129
1581210227 133
1581210228 136
1581210296 485
1581210296 116
1581210296 118
1581210296 136
1581210297 130
1581210297 129
1581210298 65
1581210298 119
1581210299 128
1581210299 120
1581210300 93
1581210300 130
1581210301 62
1581210301 100
1581210302 97
1581210302 53
1581210303 115
1581210303 118
1581210304 119
1581210304 61
1581210305 110
1581210305 141
1581210306 79
1581210306 92
1581210307 128
1581210307 104
1581210308 130
1581210308 136
1581210309 120
1581210309 120
1581210310 94
1581210310 81
1581210311 129
1581210311 132
1581210312 137
1581210379 525
1581210380 115
1581210380 118
1581210380 136
1581210380 130
1581210380 130
1581210381 64
1581210381 120
1581210382 128
1581210382 120
1581210383 93
1581210383 129
1581210384 62
1581210384 99
1581210385 98
1581210385 53
1581210386 115
1581210386 118
1581210387 118
1581210387 61
1581210388 110
1581210388 140
1581210389 79
1581210389 93
1581210390 128
1581210390 104
1581210391 130
1581210391 136
1581210392 120
1581210392 120
1581210393 94
1581210393 81
1581210394 128
1581210394 133
1581210462 445
1581210462 115
1581210462 117
1581210463 137
1581210463 130
1581210463 129
1581210464 64
1581210464 119
1581210465 129
1581210465 120
1581210466 93
1581210466 129
1581210467 63
1581210467 99
1581210468 98
1581210468 53
1581210469 115
1581210469 118
1581210470 119
1581210470 61
1581210471 110
1581210471 140
1581210472 78
1581210472 93
1581210473 128
1581210473 104
1581210474 130
1581210474 136
1581210475 120
1581210475 120
1581210476 94
1581210476 80
1581210477 129
1581210477 132
1581210478 137
1581210478 75
1581210479 67
1581210479 85
1581210548 483
1581210548 116
1581210548 119
1581210548 136
1581210548 131
1581210549 129
1581210549 64
1581210550 119
1581210550 128
1581210551 121
1581210551 93
1581210552 130
1581210552 62
1581210553 99
1581210553 97
1581210554 54
1581210554 114
1581210555 118
1581210555 118
1581210556 61
1581210556 110
1581210557 140
1581210557 79
1581210558 93
1581210559 128
1581210559 104
1581210560 130
1581210560 136
1581210560 120
1581210561 120
1581210561 94
1581210562 81
1581210563 129
1581210563 132
1581210564 137
1581210564 76
1581210564 67
1581210565 86
1581210788 482
1581210788 117
1581210788 118
1581210788 137
1581210788 130
1581210789 129
1581210789 65
1581210790 119
1581210790 129
1581210791 120
1581210791 94
1581210792 129
1581210792 63
1581210793 99
1581210793 97
1581210794 53
1581210794 114
1581210795 118
1581210795 118
1581210796 61
1581210796 110
1581210797 141
1581210797 79
1581210798 93
1581210798 128
1581210799 104
1581210799 130
1581210800 136
1581210800 120
1581210801 120
1581210868 450
1581210868 113
1581210869 117
1581210869 136
1581210869 130
1581210869 129
1581210870 64
1581210870 119
1581210871 128
1581210871 121
1581210872 93
1581210872 130
1581210873 62
1581210873 100
1581210874 97
1581210874 54
1581210875 114
1581210875 118
1581210876 118
1581210876 61
1581210877 110
1581210877 141
1581210878 78
1581210878 93
1581210879 128
1581210879 105
1581210880 130
1581210880 136
1581210881 120
1581210881 120
1581210882 94
1581210882 81
1581210883 129
1581210951 475
1581210952 117
1581210952 119
1581210952 136
1581210952 130
1581210952 130
1581210953 65
1581210953 120
1581210954 128
1581210954 121
1581210955 93
1581210955 129
1581210956 63
1581210956 99
1581210957 97
1581210957 53
1581210958 114
1581210958 119
1581210959 118
1581210959 61
1581210960 111
1581210960 140
1581210961 79
1581210961 93
1581210962 128
1581210962 104
1581210963 130
1581210963 135
1581210964 120
1581210964 120
1581210965 94
1581210965 81
1581210966 129
1581210966 133
1581211035 464
1581211035 114
1581211035 118
1581211035 136
1581211036 131
1581211036 130
1581211036 65
1581211037 120
1581211038 128
1581211038 120
1581211039 93
1581211039 130
1581211039 63
1581211040 100
1581211041 97
1581211041 54
1581211042 114
1581211042 119
1581211043 118
1581211043 61
1581211044 110
1581211044 141
1581211045 79
1581211045 94
1581211046 128
1581211046 104
1581211047 130
1581211047 136
1581211048 120
1581211048 119
1581211049 94
1581211117 465
1581211117 114
1581211117 117
1581211117 136
1581211117 130
1581211118 129
1581211118 64
1581211119 119
1581211119 129
1581211120 120
1581211120 93
1581211121 130
1581211121 62
1581211122 99
1581211122 97
1581211123 53
1581211123 115
1581211124 118
1581211124 119
1581211125 61
1581211125 110
1581211126 140
1581211126 79
1581211127 93
1581211127 128
1581211128 104
1581211128 130
1581211129 136
1581211129 120
1581211130 120
1581211130 94
1581211131 81
1581211131 129
1581211132 133
1581211201 510
1581211201 113
1581211201 119
1581211201 137
1581211201 130
1581211202 130
1581211202 64
1581211203 120
1581211203 129
1581211204 121
1581211204 94
1581211205 130
1581211205 63
1581211206 99
1581211206 97
1581211207 53
1581211207 114
1581211208 118
1581211208 118
1581211209 61
1581211209 110
1581211210 140
1581211210 79
1581211211 93
1581211211 128
1581211212 104
1581211212 130
1581211213 136
1581211213 120
1581211214 120
1581211214 94
1581211215 82
1581211215 129
1581211216 133
1581211216 137
1581211284 459
1581211284 115
1581211284 118
1581211284 136
1581211284 130
1581211285 130
1581211285 64
1581211286 119
1581211286 128
1581211287 121
1581211287 93
1581211288 130
1581211288 62
1581211289 100
1581211289 97
1581211290 53
1581211290 114
1581211291 118
1581211291 118
1581211292 61
1581211292 111
1581211293 141
1581211293 79
1581211294 94
1581211294 128
1581211295 104
1581211295 130
1581211296 136
1581211296 120
1581211297 120
1581211297 94
1581211364 464
1581211364 115
1581211365 118
1581211365 137
1581211365 131
1581211365 129
1581211366 65
1581211366 119
1581211367 128
1581211367 120
1581211368 94
1581211368 130
1581211369 62
1581211369 100
1581211370 97
1581211370 53
1581211371 115
1581211371 118
1581211372 118
1581211372 61
1581211373 110
1581211373 140
1581211374 79
1581211374 93
1581211375 129
1581211375 104
1581211376 130
1581211376 136
1581211377 121
1581211377 120
1581211378 94
1581211378 81
1581211379 129
1581211379 133
1581211447 472
1581211448 116
1581211448 118
1581211448 136
1581211448 131
1581211449 129
1581211449 65
1581211450 119
1581211450 128
1581211451 121
1581211451 93
1581211452 130
1581211452 62
1581211452 100
1581211453 97
1581211453 53
1581211454 114
1581211455 118
1581211455 119
1581211455 61
1581211456 111
1581211457 140
1581211457 78
1581211457 93
1581211458 128
1581211459 104
1581211459 130
1581211460 136
1581211460 120
1581211461 120
1581211461 94
1581211461 82
1581211462 130
1581211463 133
1581211530 465
1581211530 113
1581211530 119
1581211530 137
1581211531 131
1581211531 130
1581211532 64
1581211532 120
1581211533 129
1581211533 120
1581211534 93
1581211534 130
1581211535 63
1581211535 100
1581211536 97
1581211536 53
1581211537 115
1581211537 118
1581211538 118
1581211538 62
1581211539 110
1581211539 140
1581211540 79
1581211540 93
1581211541 129
1581211541 104
1581211542 130
1581211542 136
1581211543 120
1581211543 121
1581211544 94
1581211544 81
1581211545 130
1581211612 448
1581211612 113
1581211612 116
1581211612 136
1581211613 131
1581211613 129
1581211613 64
1581211614 120
1581211615 128
1581211615 121
1581211616 93
1581211616 129
1581211616 63
1581211617 99
1581211618 98
1581211618 53
1581211619 114
1581211619 118
1581211620 118
1581211620 62
1581211621 110
1581211621 140
1581211621 79
1581211622 93
1581211623 128
1581211623 104
1581211624 130
1581211624 136
1581211625 120
1581211625 120
1581211626 94
1581211626 81
1581211627 129
1581211627 133
1581211628 137
1581211628 76
1581211628 68
1581211698 498
1581211699 117
1581211699 118
1581211699 136
1581211699 130
1581211699 130
1581211700 64
1581211700 119
1581211701 129
1581211701 120
1581211702 94
1581211702 130
1581211703 62
1581211703 100
1581211704 97
1581211704 54
1581211705 114
1581211705 118
1581211706 119
1581211706 61
1581211707 110
1581211707 141
1581211708 79
1581211708 93
1581211709 128
1581211709 104
1581211710 130
1581211710 136
1581211711 121
1581211711 120
1581211712 94
1581211712 82
1581211713 130
1581211713 133
1581211714 137
1581211714 76
1581211715 67
1581211715 86
