1581270747 481
1581270747 149
1581270747 98
1581270747 110
1581270747 77
1581270748 129
1581270748 68
1581270749 98
1581270749 53
1581270750 88
1581270750 63
1581270751 124
1581270751 81
1581270752 76
1581270752 123
1581270753 69
1581270753 137
1581270754 102
1581270754 80
1581270755 103
1581270755 60
1581270756 93
1581270756 67
1581270757 140
1581270757 55
1581270758 76
1581270758 101
1581270759 119
1581270759 99
1581270760 87
1581270838 450
1581270838 146
1581270838 98
1581270838 110
1581270838 82
1581270839 128
1581270839 68
1581270840 97
1581270840 53
1581270841 87
1581270841 63
1581270842 123
1581270842 81
1581270843 77
1581270843 123
1581270844 69
1581270844 137
1581270845 102
1581270845 80
1581270846 103
1581270846 59
1581270847 93
1581270847 67
1581270848 140
1581270848 54
1581270849 77
1581270849 100
1581270850 119
1581270850 98
1581270851 88
1581270851 130
1581270852 53
1581270852 130
1581270934 522
1581270934 147
1581270934 100
1581270934 110
1581270934 77
1581270935 129
1581270935 68
1581270936 97
1581270936 53
1581270937 88
1581270937 62
1581270938 124
1581270938 81
1581270939 76
1581270939 123
1581270940 68
1581270940 137
1581270941 102
1581270941 80
1581270942 103
1581270942 60
1581270943 92
1581270943 67
1581270944 140
1581270944 55
1581270945 77
1581270945 100
1581270946 120
1581270946 99
1581270947 87
1581270947 131
1581270948 53
1581270948 129
1581270949 75
1581271031 500
1581271032 149
1581271032 98
1581271032 110
1581271032 77
1581271032 129
1581271033 68
1581271033 98
1581271034 53
1581271034 88
1581271035 63
1581271035 124
1581271036 81
1581271036 77
1581271037 123
1581271037 69
1581271038 137
1581271038 102
1581271039 81
1581271039 103
1581271040 60
1581271040 93
1581271041 67
1581271041 140
1581271042 55
1581271042 77
1581271043 101
1581271043 120
1581271044 99
1581271044 88
1581271122 448
1581271122 148
1581271122 97
1581271122 110
1581271122 77
1581271123 129
1581271123 68
1581271124 98
1581271124 53
1581271125 88
1581271125 63
1581271126 124
1581271126 81
1581271127 77
1581271128 123
1581271128 69
1581271129 136
1581271129 102
1581271129 80
1581271130 103
1581271130 59
1581271131 93
1581271131 67
1581271132 139
1581271132 55
1581271133 77
1581271133 101
1581271134 119
1581271134 99
1581271135 88
1581271136 130
1581271136 52
1581271137 130
1581271217 490
1581271217 147
1581271218 100
1581271218 110
1581271218 79
1581271218 129
1581271219 68
1581271219 98
1581271220 53
1581271220 88
1581271221 63
1581271221 124
1581271222 81
1581271222 77
1581271223 123
1581271223 69
1581271224 137
1581271224 102
1581271225 81
1581271225 103
1581271226 60
1581271226 92
1581271227 68
1581271227 139
1581271228 55
1581271228 77
1581271229 100
1581271229 120
1581271230 98
1581271230 88
1581271231 130
1581271231 52
1581271232 130
1581271316 504
1581271316 149
1581271316 98
1581271316 111
1581271316 77
1581271317 129
1581271317 68
1581271318 98
1581271318 53
1581271319 88
1581271319 63
1581271320 124
1581271320 81
1581271321 77
1581271321 123
1581271322 68
1581271322 137
1581271323 102
1581271323 81
1581271324 103
1581271324 59
1581271325 93
1581271325 67
1581271326 140
1581271326 55
1581271327 77
1581271327 100
1581271328 120
1581271328 98
1581271329 88
1581271407 454
1581271407 146
1581271407 98
1581271407 110
1581271407 77
1581271408 129
1581271408 68
1581271409 98
1581271409 53
1581271410 88
1581271410 62
1581271411 124
1581271411 81
1581271412 77
1581271412 122
1581271413 69
1581271413 136
1581271414 102
1581271414 80
1581271415 103
1581271415 59
1581271416 93
1581271416 67
1581271417 140
1581271417 55
1581271418 77
1581271418 100
1581271419 120
1581271419 98
1581271420 88
1581271420 130
1581271421 53
1581271421 129
1581271422 74
1581271502 478
1581271503 146
1581271503 99
1581271503 111
1581271503 77
1581271504 129
1581271504 68
1581271505 98
1581271505 54
1581271506 88
1581271506 64
1581271507 124
1581271507 81
1581271507 77
1581271508 123
1581271508 69
1581271509 137
1581271510 102
1581271510 81
1581271511 103
1581271511 60
1581271512 93
1581271512 68
1581271513 140
1581271513 55
1581271514 78
1581271514 101
1581271515 119
1581271515 99
1581271516 88
1581271516 130
1581271516 53
1581271517 129
1581271518 75
1581271608 480
1581271609 146
1581271609 98
1581271609 111
1581271609 77
1581271609 130
1581271610 68
1581271610 98
1581271611 54
1581271611 88
1581271612 63
1581271612 124
1581271613 81
1581271613 77
1581271614 123
1581271614 69
1581271615 137
1581271615 102
1581271616 81
1581271616 103
1581271617 60
1581271617 92
1581271618 68
1581271619 139
1581271619 55
1581271619 77
1581271620 101
1581271620 120
1581271621 98
1581271621 88
1581271622 130
1581271622 53
1581271623 130
1581271701 454
1581271701 148
1581271701 98
1581271701 110
1581271701 77
1581271702 129
1581271702 68
1581271703 97
1581271703 53
1581271704 87
1581271704 63
1581271705 123
1581271705 81
1581271706 76
1581271706 123
1581271707 69
1581271707 137
1581271708 102
1581271708 81
1581271709 102
1581271709 60
1581271710 93
1581271710 68
1581271711 140
1581271711 55
1581271712 77
1581271712 100
1581271713 120
1581271713 98
1581271714 88
1581271714 130
1581271715 53
1581271715 129
1581271716 75
1581271716 60
1581271717 128
1581271717 92
1581271799 473
1581271799 146
1581271799 100
1581271799 111
1581271799 77
1581271800 129
1581271800 68
1581271801 98
1581271801 53
1581271802 88
1581271802 63
1581271803 124
1581271803 81
1581271804 77
1581271804 123
1581271805 69
1581271805 137
1581271806 102
1581271806 80
1581271807 103
1581271807 60
1581271808 93
1581271808 68
1581271809 139
1581271809 55
1581271810 77
1581271810 100
1581271811 120
1581271811 98
1581271812 87
1581271812 131
1581271813 52
1581271813 130
1581271814 74
1581271814 60
1581271815 128
1581271815 92
1581271816 53
1581272125 480
1581272125 146
1581272125 99
1581272125 111
1581272125 77
1581272126 129
1581272126 69
1581272127 98
1581272127 53
1581272128 88
1581272128 63
1581272129 124
1581272129 82
1581272130 77
1581272130 123
1581272131 69
1581272132 137
1581272132 102
1581272132 81
1581272133 103
1581272133 61
1581272134 93
1581272134 68
1581272135 140
1581272135 55
1581272136 77
1581272136 101
1581272137 120
1581272137 98
1581272138 88
1581272221 460
1581272221 148
1581272221 99
1581272221 110
1581272222 77
1581272222 129
1581272223 68
1581272223 98
1581272224 53
1581272224 89
1581272225 63
1581272225 125
1581272226 81
1581272226 77
1581272227 123
1581272227 69
1581272228 137
1581272228 102
1581272229 81
1581272229 103
1581272230 60
1581272230 93
1581272231 68
1581272231 140
1581272232 55
1581272232 76
1581272233 101
1581272233 119
1581272234 99
1581272234 88
1581272235 131
1581272235 53
1581272236 129
1581272320 473
1581272321 146
1581272321 99
1581272321 111
1581272321 77
1581272321 130
1581272322 69
1581272322 99
1581272323 53
1581272323 88
1581272324 63
1581272324 124
1581272325 81
1581272325 77
1581272326 123
1581272326 69
1581272327 137
1581272327 102
1581272328 80
1581272328 103
1581272329 60
1581272329 94
1581272330 68
1581272331 139
1581272331 55
1581272331 77
1581272332 101
1581272333 120
1581272333 99
1581272333 88
1581272334 131
1581272334 53
1581272335 129
1581272335 75
1581272419 465
1581272419 147
1581272419 98
1581272419 110
1581272420 78
1581272420 129
1581272421 68
1581272421 98
1581272421 53
1581272422 88
1581272423 64
1581272423 124
1581272424 82
1581272424 77
1581272425 123
1581272425 69
1581272426 138
1581272426 102
1581272427 81
1581272427 103
1581272428 61
1581272428 93
1581272429 67
1581272429 140
1581272430 55
1581272430 77
1581272431 101
1581272431 120
1581272432 99
1581272432 88
1581272516 460
1581272516 146
1581272516 97
1581272516 110
1581272516 77
1581272517 129
1581272517 68
1581272518 99
1581272518 53
1581272519 89
1581272519 63
1581272520 125
1581272520 81
1581272521 77
1581272521 124
1581272522 70
1581272522 137
1581272523 102
1581272523 81
1581272524 103
1581272524 61
1581272525 93
1581272525 67
1581272526 140
1581272526 55
1581272527 77
1581272527 101
1581272528 120
1581272528 99
1581272529 88
1581272529 131
1581272530 53
1581272530 129
1581272531 75
1581272617 505
1581272617 149
1581272617 99
1581272618 110
1581272618 77
1581272618 129
1581272619 68
1581272619 98
1581272620 53
1581272620 88
1581272621 63
1581272621 125
1581272622 81
1581272622 78
1581272623 123
1581272623 69
1581272624 137
1581272624 102
1581272625 81
1581272625 103
1581272626 60
1581272626 93
1581272627 68
1581272627 140
1581272628 55
1581272628 77
1581272629 101
1581272629 120
1581272630 99
1581272630 88
1581272631 131
1581272631 53
1581272632 129
1581272632 75
1581272715 464
1581272715 150
1581272715 99
1581272715 110
1581272716 77
1581272716 130
1581272717 68
1581272717 98
1581272718 54
1581272718 88
1581272719 64
1581272719 125
1581272720 81
1581272720 77
1581272721 123
1581272721 69
1581272722 138
1581272722 102
1581272723 82
1581272723 103
1581272724 60
1581272724 93
1581272725 68
1581272725 140
1581272726 55
1581272726 77
1581272727 101
1581272727 120
1581272728 99
1581272728 87
1581272729 131
1581272812 451
1581272812 149
1581272812 98
1581272812 110
1581272812 77
1581272813 130
1581272813 68
1581272814 98
1581272814 54
1581272815 88
1581272815 64
1581272816 124
1581272816 82
1581272817 77
1581272817 123
1581272818 69
1581272818 137
1581272819 102
1581272819 81
1581272820 103
1581272820 60
1581272821 93
1581272821 67
1581272822 140
1581272822 55
1581272823 77
1581272823 101
1581272824 120
1581272824 99
1581272825 88
1581272825 130
1581272826 53
1581272826 130
1581272827 75
1581272911 476
1581272911 147
1581272911 98
1581272911 110
1581272912 77
1581272912 130
1581272913 68
1581272913 98
1581272914 53
1581272914 88
1581272915 63
1581272915 125
1581272916 81
1581272916 78
1581272917 123
1581272917 69
1581272918 137
1581272918 103
1581272919 81
1581272919 103
1581272920 60
1581272920 94
1581272921 68
1581272921 140
1581272922 55
1581272922 77
1581272923 101
1581272923 120
1581272924 99
1581272924 88
1581272925 131
1581272925 53
1581272926 130
1581272926 74
1581273010 486
1581273010 149
1581273010 99
1581273010 111
1581273010 77
1581273011 130
1581273011 69
1581273012 98
1581273012 53
1581273013 89
1581273013 63
1581273014 125
1581273014 81
1581273015 78
1581273015 123
1581273016 69
1581273016 137
1581273017 102
1581273017 81
1581273018 103
1581273018 60
1581273019 93
1581273019 68
1581273020 140
1581273020 55
1581273021 77
1581273021 101
1581273022 120
1581273022 99
1581273023 88
1581273023 130
1581273024 53
1581273024 130
1581273110 465
1581273110 146
1581273110 100
1581273110 110
1581273110 77
1581273111 129
1581273111 68
1581273112 98
1581273112 53
1581273113 88
1581273113 63
1581273114 124
1581273114 81
1581273115 78
1581273115 123
1581273116 69
1581273116 137
1581273117 102
1581273117 81
1581273118 103
1581273118 60
1581273119 92
1581273119 68
1581273120 140
1581273120 55
1581273121 77
1581273121 101
1581273122 120
1581273122 99
1581273123 88
1581273123 131
1581273123 53
1581273124 130
1581273125 75
1581273125 61
1581273126 128
1581273126 92
1581273126 53
1581273212 516
1581273212 149
1581273212 99
1581273212 111
1581273212 77
1581273213 129
1581273213 69
1581273214 98
1581273214 54
1581273215 88
1581273215 64
1581273216 124
1581273216 81
1581273217 78
1581273217 123
1581273218 69
1581273219 137
1581273219 102
1581273219 81
1581273220 103
1581273220 61
1581273221 93
1581273221 68
1581273222 140
1581273222 55
1581273223 78
1581273223 101
1581273224 120
1581273224 99
1581273225 88
1581273226 132
1581273226 53
1581273227 130
1581273227 75
1581273227 61
1581273228 128
1581273228 92
1581273541 474
1581273541 149
1581273541 99
1581273541 110
1581273542 77
1581273542 129
1581273543 69
1581273543 98
1581273544 54
1581273544 88
1581273545 64
1581273545 124
1581273546 81
1581273546 77
1581273547 123
1581273547 70
1581273548 137
1581273548 103
1581273549 81
1581273549 103
1581273550 60
1581273550 93
1581273551 68
1581273551 140
1581273552 55
1581273552 77
1581273553 100
1581273553 120
1581273554 98
1581273554 88
1581273555 131
1581273555 53
1581273641 461
1581273641 149
1581273641 98
1581273641 110
1581273641 77
1581273642 130
1581273642 68
1581273643 98
1581273643 54
1581273644 88
1581273644 64
1581273645 124
1581273645 82
1581273646 77
1581273646 123
1581273647 69
1581273647 137
1581273648 102
1581273648 81
1581273649 104
1581273649 60
1581273650 93
1581273650 68
1581273651 140
1581273651 56
1581273652 77
1581273652 101
1581273653 120
1581273653 99
1581273654 87
1581273654 131
1581273655 53
1581273655 130
1581273656 75
1581273742 475
1581273742 148
1581273742 99
1581273742 110
1581273743 78
1581273743 130
1581273744 68
1581273744 98
1581273745 53
1581273745 88
1581273746 63
1581273746 125
1581273747 81
1581273747 77
1581273748 123
1581273748 69
1581273749 138
1581273749 103
1581273750 81
1581273750 104
1581273751 60
1581273751 93
1581273752 68
1581273752 140
1581273753 55
1581273753 77
1581273754 101
1581273754 120
1581273755 99
1581273755 88
1581273756 131
1581273756 53
1581273757 130
1581273757 75
1581273841 488
1581273841 149
1581273841 99
1581273841 111
1581273842 77
1581273842 129
1581273843 69
1581273843 98
1581273844 54
1581273844 88
1581273845 63
1581273845 125
1581273846 81
1581273846 78
1581273847 123
1581273847 69
1581273848 138
1581273848 102
1581273849 82
1581273849 103
1581273850 61
1581273850 93
1581273851 68
1581273851 141
1581273852 55
1581273852 78
1581273853 101
1581273853 120
1581273854 99
1581273854 88
1581273939 450
1581273939 146
1581273939 97
1581273939 110
1581273939 77
1581273940 130
1581273940 68
1581273941 98
1581273941 54
1581273942 88
1581273942 64
1581273943 124
1581273943 81
1581273944 77
1581273944 123
1581273945 70
1581273945 137
1581273946 103
1581273946 81
1581273947 103
1581273947 60
1581273948 93
1581273948 68
1581273949 140
1581273949 55
1581273950 77
1581273950 101
1581273951 120
1581273951 99
1581273952 88
1581273952 131
1581273953 53
1581273953 130
1581274040 481
1581274040 149
1581274040 101
1581274040 110
1581274041 77
1581274041 129
1581274042 68
1581274042 98
1581274042 54
1581274043 88
1581274044 63
1581274044 124
1581274045 81
1581274045 78
1581274046 123
1581274046 69
1581274047 138
1581274047 102
1581274048 81
1581274048 103
1581274049 61
1581274049 93
1581274050 68
1581274050 140
1581274051 55
1581274051 78
1581274052 101
1581274052 120
1581274053 99
1581274053 88
1581274054 131
1581274054 53
1581274055 130
1581274055 75
1581274056 61
1581274142 477
1581274142 147
1581274142 99
1581274142 111
1581274142 78
1581274143 129
1581274143 69
1581274144 98
1581274144 54
1581274145 89
1581274145 64
1581274146 124
1581274146 81
1581274147 78
1581274147 124
1581274148 69
1581274148 137
1581274149 102
1581274149 82
1581274150 103
1581274150 61
1581274151 93
1581274151 69
1581274152 140
1581274152 56
1581274153 77
1581274153 100
1581274154 120
1581274154 100
1581274155 88
1581274155 131
1581274156 53
1581274242 464
1581274242 144
1581274242 98
1581274242 110
1581274243 78
1581274243 130
1581274244 68
1581274244 99
1581274245 53
1581274245 89
1581274246 63
1581274246 124
1581274247 82
1581274247 77
1581274248 124
1581274248 69
1581274249 137
1581274249 102
1581274250 81
1581274250 104
1581274251 60
1581274251 93
1581274252 68
1581274252 140
1581274253 55
1581274253 77
1581274254 101
1581274254 120
1581274255 99
1581274255 88
1581274256 131
1581274256 53
1581274257 130
1581274257 75
1581274344 470
1581274344 146
1581274344 99
1581274344 111
1581274344 77
1581274345 130
1581274345 68
1581274346 98
1581274346 54
1581274347 88
1581274347 64
1581274348 124
1581274348 81
1581274349 78
1581274350 123
1581274350 70
1581274351 137
1581274351 102
1581274351 81
1581274352 103
1581274352 61
1581274353 93
1581274353 68
1581274354 140
1581274354 55
1581274355 77
1581274356 102
1581274356 120
1581274357 99
1581274357 88
1581274358 131
1581274358 53
1581274359 130
1581274359 75
1581274444 477
1581274444 150
1581274444 99
1581274444 111
1581274445 77
1581274445 130
1581274446 68
1581274446 98
1581274447 54
1581274447 88
1581274448 63
1581274448 125
1581274449 81
1581274449 77
1581274450 124
1581274450 69
1581274451 138
1581274451 102
1581274452 81
1581274452 103
1581274453 60
1581274453 93
1581274454 68
1581274454 140
1581274455 55
1581274455 78
1581274456 101
1581274456 120
1581274457 99
1581274457 88
1581274458 131
1581274458 53
1581274459 130
1581274546 456
1581274546 147
1581274546 97
1581274546 110
1581274546 77
1581274547 130
1581274547 68
1581274548 99
1581274548 53
1581274549 88
1581274549 64
1581274550 124
1581274550 82
1581274551 77
1581274551 124
1581274552 69
1581274552 137
1581274553 102
1581274553 81
1581274554 104
1581274554 60
1581274555 93
1581274555 68
1581274556 140
1581274556 55
1581274557 77
1581274557 101
1581274558 120
1581274558 99
1581274559 88
1581274559 131
1581274560 53
1581274560 130
1581274561 75
1581274561 61
1581274562 128
1581274562 92
1581274563 53
1581274651 483
1581274651 149
1581274651 99
1581274651 110
1581274651 80
1581274652 130
1581274652 68
1581274653 98
1581274653 54
1581274654 88
1581274654 64
1581274655 124
1581274655 82
1581274656 77
1581274656 123
1581274657 69
1581274657 137
1581274658 102
1581274658 81
1581274659 104
1581274659 60
1581274660 93
1581274660 68
1581274661 140
1581274661 55
1581274662 77
1581274662 101
1581274663 120
1581274663 99
1581274664 88
1581274664 131
1581274665 53
1581274665 130
1581274666 75
1581274666 61
1581274667 128
1581274667 92
1581274668 53
