0 pr.load_cli.txt 1483.46 27 54.943 239.5 4 59.875 2032.13 33 61.5797
0 pr.load_dst.txt 2023.8 27 74.9556 254.52 4 63.63 2383.97 33 72.2415
0 pr.load_src.txt 1291.74 27 47.8422 198 4 49.5 1647.05 33 49.9106
1 pr.load_cli.txt 1163.41 19 61.2321 373.94 6 62.3233 2033.64 33 61.6255
1 pr.load_dst.txt 998.98 20 49.949 211.31 6 35.2183 1533.4 32 47.9188
1 pr.load_src.txt 1445.92 20 72.296 448.35 6 74.725 2322.77 31 74.9281
2 pr.load_cli.txt 1226.37 20 61.3185 373.72 6 62.2867 1974.45 32 61.7016
2 pr.load_dst.txt 748.57 20 37.4285 139.88 6 23.3133 1150.68 32 35.9587
2 pr.load_src.txt 689.56 20 34.478 222.89 6 37.1483 1195.68 32 37.365
3 pr.load_cli.txt 1227.22 20 61.361 248.02 4 62.005 1969.47 32 61.5459
3 pr.load_dst.txt 1498.26 20 74.913 235.72 4 58.93 2325.82 32 72.6819
3 pr.load_src.txt 966.38 20 48.319 173.73 4 43.4325 1594.81 32 49.8378
4 pr.load_cli.txt 1164.15 19 61.2711 374.33 6 62.3883 2034.63 33 61.6555
4 pr.load_dst.txt 997.58 20 49.879 211.08 6 35.18 1505.3 31 48.5581
4 pr.load_src.txt 1467.25 20 73.3625 448.64 6 74.7733 2321.6 31 74.8903
5 pr.load_cli.txt 1164.81 19 61.3058 436.59 7 62.37 1972.54 32 61.6419
5 pr.load_dst.txt 709.91 19 37.3637 178.25 7 25.4643 1146.93 32 35.8416
5 pr.load_src.txt 675.32 19 35.5432 260.16 7 37.1657 1193.56 32 37.2988
6 pr.load_cli.txt 1163.45 19 61.2342 311.55 5 62.31 2033.14 33 61.6103
6 pr.load_dst.txt 1422.4 19 74.8632 314.08 5 62.816 2338.35 32 73.0734
6 pr.load_src.txt 913.27 19 48.0668 247.81 5 49.562 1593 32 49.7812
7 pr.load_cli.txt 1225.73 20 61.2865 374.03 6 62.3383 1971.34 32 61.6044
7 pr.load_dst.txt 996.16 20 49.808 208.99 6 34.8317 1549.99 32 48.4372
7 pr.load_src.txt 1466.4 20 73.32 448.09 6 74.6817 2393.37 32 74.7928
8 pr.load_cli.txt 1225.21 20 61.2605 373.84 6 62.3067 1970.25 32 61.5703
8 pr.load_dst.txt 745.76 20 37.288 139.44 6 23.24 1145.57 32 35.7991
8 pr.load_src.txt 710.65 20 35.5325 222.36 6 37.06 1191.36 32 37.23
9 pr.load_cli.txt 1162.36 19 61.1768 373.79 6 62.2983 2028.05 33 61.4561
9 pr.load_dst.txt 1421.05 19 74.7921 367.81 6 61.3017 2307.45 32 72.1078
9 pr.load_src.txt 913.04 19 48.0547 292.67 6 48.7783 1591.81 32 49.7441
10 pr.load_cli.txt 1225 20 61.25 498.32 8 62.29 1964.78 32 61.3994
10 pr.load_dst.txt 994.43 20 49.7215 272.1 8 34.0125 1471.6 31 47.471
10 pr.load_src.txt 1464.51 20 73.2255 597.39 8 74.6737 2316.83 31 74.7365
11 pr.load_cli.txt 1224.24 20 61.212 560.15 9 62.2389 1965.26 32 61.4144
11 pr.load_dst.txt 744.58 20 37.229 207.05 9 23.0056 1067.08 31 34.4219
11 pr.load_src.txt 709.35 20 35.4675 333.64 9 37.0711 1152.31 31 37.1713
12 pr.load_cli.txt 1159.26 19 61.0137 310.39 5 62.078 2025.11 33 61.367
12 pr.load_dst.txt 1419.73 19 74.7226 313.64 5 62.728 2383.77 33 72.2355
12 pr.load_src.txt 887.7 19 46.7211 246.56 5 49.312 1637.93 33 49.6342
13 pr.load_cli.txt 1159.22 19 61.0116 434.79 7 62.1129 1963.12 32 61.3475
13 pr.load_dst.txt 943.35 19 49.65 257.44 7 36.7771 1494.59 32 46.7059
13 pr.load_src.txt 1367.21 19 71.9584 521.38 7 74.4829 2389.62 32 74.6756
14 pr.load_cli.txt 1221.33 20 61.0665 434.8 7 62.1143 1961.05 32 61.2828
14 pr.load_dst.txt 742.99 20 37.1495 167.83 7 23.9757 1077.94 31 34.7723
14 pr.load_src.txt 684.8 20 34.24 258.14 7 36.8771 1150.17 31 37.1023
15 pr.load_cli.txt 1221.15 20 61.0575 310.4 5 62.08 1962 32 61.3125
15 pr.load_dst.txt 1493.62 20 74.681 297.58 5 59.516 2319.51 32 72.4847
15 pr.load_src.txt 938.43 20 46.9215 246.06 5 49.212 1585.96 32 49.5612
16 pr.load_cli.txt 1158.46 19 60.9716 434.7 7 62.1 1961.57 32 61.2991
16 pr.load_dst.txt 942.2 19 49.5895 255.4 7 36.4857 1508.1 32 47.1281
16 pr.load_src.txt 1440.38 20 72.019 520.8 7 74.4 2312.96 31 74.6116
17 pr.load_cli.txt 1158.2 19 60.9579 434.33 7 62.0471 2020.97 33 61.2415
17 pr.load_dst.txt 704.71 19 37.09 176.73 7 25.2471 1103.84 32 34.495
17 pr.load_src.txt 646.55 19 34.0289 257.86 7 36.8371 1184.5 32 37.0156
18 pr.load_cli.txt 1157.09 19 60.8995 371.72 6 61.9533 1959 32 61.2188
18 pr.load_dst.txt 1417.14 19 74.5863 371.2 6 61.8667 2316.77 32 72.3991
18 pr.load_src.txt 887.55 19 46.7132 295.37 6 49.2283 1583.83 32 49.4947
19 pr.load_cli.txt 1219.11 20 60.9555 433.39 7 61.9129 1958.84 32 61.2138
19 pr.load_dst.txt 990.43 20 49.5215 246.29 7 35.1843 1470.27 31 47.4281
19 pr.load_src.txt 1438.66 20 71.933 520.74 7 74.3914 2311.41 31 74.5616
20 pr.load_cli.txt 1218.59 20 60.9295 433.89 7 61.9843 1958.24 32 61.195
20 pr.load_dst.txt 740.48 20 37.024 165.64 7 23.6629 1117 32 34.9062
20 pr.load_src.txt 685.02 20 34.251 257.18 7 36.74 1146.93 31 36.9977
21 pr.load_cli.txt 1218.84 20 60.942 371.62 6 61.9367 1958.19 32 61.1934
21 pr.load_dst.txt 1490.15 20 74.5075 347.57 6 57.9283 2267.53 32 70.8603
21 pr.load_src.txt 934.19 20 46.7095 294.87 6 49.145 1581.56 32 49.4237
22 pr.load_cli.txt 1218.25 20 60.9125 495.72 8 61.965 1957.26 32 61.1644
22 pr.load_dst.txt 989.01 20 49.4505 269.97 8 33.7463 1503.85 32 46.9953
22 pr.load_src.txt 1437.67 20 71.8835 594.87 8 74.3588 2384.3 32 74.5094
23 pr.load_cli.txt 1155.63 19 60.8226 557.26 9 61.9178 2017.32 33 61.1309
23 pr.load_dst.txt 702.06 19 36.9505 216.46 9 24.0511 1087.12 32 33.9725
23 pr.load_src.txt 645.64 19 33.9811 330.14 9 36.6822 1180.37 32 36.8866
24 pr.load_cli.txt 1155.32 19 60.8063 309.51 5 61.902 2016.77 33 61.1142
24 pr.load_dst.txt 1414.72 19 74.4589 314.45 5 62.89 2306.23 32 72.0697
24 pr.load_src.txt 884.38 19 46.5463 245.07 5 49.014 1579.44 32 49.3575
25 pr.load_cli.txt 1215.9 20 60.795 371.35 6 61.8917 1955.53 32 61.1103
25 pr.load_dst.txt 987.7 20 49.385 208.46 6 34.7433 1513.78 32 47.3056
25 pr.load_src.txt 1437.61 20 71.8805 445.44 6 74.24 2381.83 32 74.4322
26 pr.load_cli.txt 1216.01 20 60.8005 432.65 7 61.8071 1953.96 32 61.0613
26 pr.load_dst.txt 737.83 20 36.8915 168.78 7 24.1114 1073.48 31 34.6284
26 pr.load_src.txt 680.9 20 34.045 256.06 7 36.58 1141.18 31 36.8123
27 pr.load_cli.txt 1153.72 19 60.7221 370.73 6 61.7883 1954.03 32 61.0634
27 pr.load_dst.txt 1413.4 19 74.3895 369.03 6 61.505 2313.29 32 72.2903
27 pr.load_src.txt 883.04 19 46.4758 294 6 49 1576.99 32 49.2809
28 pr.load_cli.txt 1153.69 19 60.7205 432.88 7 61.84 1953.18 32 61.0369
28 pr.load_dst.txt 937 19 49.3158 256.79 7 36.6843 1491.42 32 46.6069
28 pr.load_src.txt 1360.45 19 71.6026 519.49 7 74.2129 2379.98 32 74.3744
29 pr.load_cli.txt 1153.04 19 60.6863 432.16 7 61.7371 2014.54 33 61.0467
29 pr.load_dst.txt 699.37 19 36.8089 173.66 7 24.8086 1132.72 33 34.3248
29 pr.load_src.txt 677.51 20 33.8755 255.64 7 36.52 1140.63 31 36.7945
30 pr.load_cli.txt 1152.5 19 60.6579 309.06 5 61.812 2013.36 33 61.0109
30 pr.load_dst.txt 1413.5 19 74.3947 313.97 5 62.794 2369.92 33 71.8158
30 pr.load_src.txt 880.51 19 46.3426 244.43 5 48.886 1576.24 32 49.2575
31 pr.load_cli.txt 1213.79 20 60.6895 370.13 6 61.6883 1951.16 32 60.9738
31 pr.load_dst.txt 985.38 20 49.269 206.87 6 34.4783 1506.94 32 47.0919
31 pr.load_src.txt 1433.87 20 71.6935 444.5 6 74.0833 2377.73 32 74.3041
32 pr.load_cli.txt 1151.98 19 60.6305 432.11 7 61.73 1950.22 32 60.9444
32 pr.load_dst.txt 735.29 20 36.7645 165 7 23.5714 1075.87 31 34.7055
32 pr.load_src.txt 678.36 20 33.918 255.09 7 36.4414 1137.11 31 36.681
33 pr.load_cli.txt 1151.22 19 60.5905 432.13 7 61.7329 1949.84 32 60.9325
33 pr.load_dst.txt 1411.05 19 74.2658 421.73 7 60.2471 2310.7 32 72.2094
33 pr.load_src.txt 878.53 19 46.2384 342.43 7 48.9186 1572.23 32 49.1322
34 pr.load_cli.txt 1150.59 19 60.5574 554.85 9 61.65 2010.33 33 60.9191
34 pr.load_dst.txt 934.51 19 49.1847 319.81 9 35.5344 1416.65 31 45.6984
34 pr.load_src.txt 1359.17 19 71.5353 667.15 9 74.1278 2376.67 32 74.2709
35 pr.load_cli.txt 1213.18 20 60.659 554.7 9 61.6333 1887.91 31 60.9003
35 pr.load_dst.txt 731.75 20 36.5875 205.25 9 22.8056 1062.03 31 34.259
35 pr.load_src.txt 676.5 20 33.825 327.58 9 36.3978 1134.42 31 36.5942
