0 pr.load_cli.txt 1163.07 19 61.2142 1183.41 19 62.2847 1411.24 23 61.3583
0 pr.load_dst.txt 1424.1 19 74.9526 1307.22 19 68.8011 1651.67 23 71.8117
0 pr.load_src.txt 896.68 19 47.1937 816 19 42.9474 1096.05 22 49.8205
1 pr.load_cli.txt 1226.04 20 61.302 1183.03 19 62.2647 1348.04 22 61.2745
1 pr.load_dst.txt 998.61 20 49.9305 793.18 19 41.7463 1026.82 22 46.6736
1 pr.load_src.txt 1449 20 72.45 1301.47 19 68.4984 1645.97 22 74.8168
2 pr.load_cli.txt 1162.92 19 61.2063 1431.7 23 62.2478 1409.47 23 61.2813
2 pr.load_dst.txt 710.59 19 37.3995 707.6 23 30.7652 748.75 22 34.0341
2 pr.load_src.txt 654.8 19 34.4632 731.34 23 31.7974 820.07 22 37.2759
3 pr.load_cli.txt 1161.49 19 61.1311 1242.96 20 62.148 1407.74 23 61.2061
3 pr.load_dst.txt 1495.42 20 74.771 1353.52 20 67.676 1579.46 22 71.7936
3 pr.load_src.txt 944.17 20 47.2085 858.56 20 42.928 1091.4 22 49.6091
4 pr.load_cli.txt 1163.3 19 61.2263 1181.08 19 62.1621 1409.87 23 61.2987
4 pr.load_dst.txt 947.33 19 49.8595 802.99 19 42.2626 1067.18 23 46.3991
4 pr.load_src.txt 1374.12 19 72.3221 1301.58 19 68.5042 1721 23 74.8261
5 pr.load_cli.txt 1162.73 19 61.1963 1430.21 23 62.183 1408.66 23 61.2461
5 pr.load_dst.txt 709.44 19 37.3389 707.15 23 30.7457 767.81 23 33.383
5 pr.load_src.txt 654.14 19 34.4284 727.18 23 31.6165 855.58 23 37.1991
6 pr.load_cli.txt 1161.38 19 61.1253 1367.59 22 62.1632 1345.89 22 61.1768
6 pr.load_dst.txt 1421.58 19 74.82 1497.19 22 68.0541 1578.01 22 71.7277
6 pr.load_src.txt 892.66 19 46.9821 946.41 22 43.0186 1093 22 49.6818
7 pr.load_cli.txt 1160.87 19 61.0984 1366.77 22 62.1259 1407.81 23 61.2091
7 pr.load_dst.txt 945.8 19 49.7789 915.38 22 41.6082 1014.24 22 46.1018
7 pr.load_src.txt 1370.91 19 72.1532 1513.93 22 68.815 1640.66 22 74.5755
8 pr.load_cli.txt 1161.08 19 61.1095 1490.92 24 62.1217 1407.66 23 61.2026
8 pr.load_dst.txt 707.69 19 37.2468 738.11 24 30.7546 762.63 23 33.1578
8 pr.load_src.txt 653.15 19 34.3763 752.18 24 31.3408 853.98 23 37.1296
9 pr.load_cli.txt 1160.56 19 61.0821 1864.52 30 62.1507 1405.76 23 61.12
9 pr.load_dst.txt 1419.85 19 74.7289 2079.94 30 69.3313 1512.71 22 68.7595
9 pr.load_src.txt 877.9 19 46.2053 1216.31 30 40.5437 1087.49 22 49.4314
10 pr.load_cli.txt 1160.32 19 61.0695 1739.19 28 62.1139 1405.66 23 61.1157
10 pr.load_dst.txt 944.14 19 49.6916 1194.87 28 42.6739 1051.17 23 45.703
10 pr.load_src.txt 1370.64 19 72.1389 1867.03 28 66.6796 1716.77 23 74.6422
11 pr.load_cli.txt 1159.61 19 61.0321 1863.67 30 62.1223 1406.99 23 61.1735
11 pr.load_dst.txt 703.58 19 37.0305 932.51 30 31.0837 770.44 23 33.4974
11 pr.load_src.txt 645.75 19 33.9868 913.92 30 30.464 814.96 22 37.0436
12 pr.load_cli.txt 1160 19 61.0526 2110.17 34 62.0638 1405.97 23 61.1291
12 pr.load_dst.txt 1418.92 19 74.68 2387.34 34 70.2159 1568.28 22 71.2855
12 pr.load_src.txt 891.68 19 46.9305 1542.68 34 45.3729 1087.13 22 49.415
13 pr.load_cli.txt 1159.34 19 61.0179 2171.67 35 62.0477 1405.06 23 61.0896
13 pr.load_dst.txt 992.65 20 49.6325 1555.22 35 44.4349 1001.21 22 45.5095
13 pr.load_src.txt 1443.9 20 72.195 2448.94 35 69.9697 1634.53 22 74.2968
14 pr.load_cli.txt 1159.55 19 61.0289 2296.4 37 62.0649 1405.06 23 61.0896
14 pr.load_dst.txt 706.15 19 37.1658 1209.93 37 32.7008 765.52 23 33.2835
14 pr.load_src.txt 650.99 19 34.2626 1240.09 37 33.5159 850.81 23 36.9917
15 pr.load_cli.txt 1219.86 20 60.993 2108.25 34 62.0074 1342.58 22 61.0264
15 pr.load_dst.txt 1492.77 20 74.6385 2401.94 34 70.6453 1579.55 22 71.7977
15 pr.load_src.txt 939.84 20 46.992 1525.62 34 44.8712 1081.08 22 49.14
16 pr.load_cli.txt 1158.87 19 60.9932 2107.94 34 61.9982 1404.92 23 61.0835
16 pr.load_dst.txt 992.04 20 49.602 1506.15 34 44.2985 983.99 22 44.7268
16 pr.load_src.txt 1443.47 20 72.1735 2403.48 34 70.6906 1627.52 22 73.9782
17 pr.load_cli.txt 1157 19 60.8947 2416.82 39 61.9697 1340.85 22 60.9477
17 pr.load_dst.txt 703.4 19 37.0211 1269.68 39 32.5559 731.61 22 33.255
17 pr.load_src.txt 649.31 19 34.1742 1293.09 39 33.1562 804.34 22 36.5609
18 pr.load_cli.txt 1224.69 20 61.2345 2054.24 33 62.2497 1347.43 22 61.2468
18 pr.load_dst.txt 1497.51 20 74.8755 2337.7 33 70.8394 1579.87 22 71.8123
18 pr.load_src.txt 944.42 20 47.221 1492.49 33 45.227 1090.09 22 49.5495
19 pr.load_cli.txt 1155.88 19 60.8358 2106.19 34 61.9468 1402.26 23 60.9678
19 pr.load_dst.txt 940.27 19 49.4879 1513.04 34 44.5012 1047.37 23 45.5378
19 pr.load_src.txt 1367.31 19 71.9637 2407.33 34 70.8038 1709.61 23 74.3309
20 pr.load_cli.txt 1155.94 19 60.8389 2353.31 38 61.9292 1402.02 23 60.9574
20 pr.load_dst.txt 703.35 19 37.0184 1229.49 38 32.355 759.36 23 33.0157
20 pr.load_src.txt 685.75 20 34.2875 1269.73 38 33.4139 775.68 21 36.9371
21 pr.load_cli.txt 1155.23 19 60.8016 2661.81 43 61.9026 1401.06 23 60.9157
21 pr.load_dst.txt 1415.65 19 74.5079 2911.31 43 67.7049 1625.36 23 70.6678
21 pr.load_src.txt 889.89 19 46.8363 1904.5 43 44.2907 1125.52 23 48.9357
22 pr.load_cli.txt 1155.92 19 60.8379 2846.76 46 61.8861 1399.93 23 60.8665
22 pr.load_dst.txt 939.12 19 49.4274 1987.95 46 43.2163 1029.09 23 44.743
22 pr.load_src.txt 1367.06 19 71.9505 3149.96 46 68.4774 1634.34 22 74.2882
23 pr.load_cli.txt 1155.01 19 60.79 2722.55 44 61.8761 1400.61 23 60.8961
23 pr.load_dst.txt 701.54 19 36.9232 1400.86 44 31.8377 764.51 23 33.2396
23 pr.load_src.txt 646.36 19 34.0189 1416.26 44 32.1877 846.09 23 36.7865
24 pr.load_cli.txt 1157.39 19 60.9153 2293.74 37 61.993 1403.42 23 61.0183
24 pr.load_dst.txt 1417.56 19 74.6084 2609.73 37 70.5332 1561.22 22 70.9645
24 pr.load_src.txt 884.57 19 46.5563 1678.72 37 45.3708 1078.46 22 49.0209
25 pr.load_cli.txt 1154.09 19 60.7416 2224.97 36 61.8047 1400.14 23 60.8757
25 pr.load_dst.txt 937.58 19 49.3463 1602.65 36 44.5181 1050.81 23 45.6874
25 pr.load_src.txt 1363.56 19 71.7663 2540.47 36 70.5686 1701.19 23 73.9648
26 pr.load_cli.txt 1157.07 19 60.8984 2415.46 39 61.9349 1401.93 23 60.9535
26 pr.load_dst.txt 703.6 19 37.0316 1284.08 39 32.9251 764.66 23 33.2461
26 pr.load_src.txt 685.74 20 34.287 1294.03 39 33.1803 798.13 22 36.2786
27 pr.load_cli.txt 1152.57 19 60.6616 2222.76 36 61.7433 1398.51 23 60.8048
27 pr.load_dst.txt 1412.92 19 74.3642 2525.6 36 70.1556 1627.27 23 70.7509
27 pr.load_src.txt 884.54 19 46.5547 1607.14 36 44.6428 1069.08 22 48.5945
28 pr.load_cli.txt 1152.44 19 60.6547 2222.7 36 61.7417 1459.27 24 60.8029
28 pr.load_dst.txt 936.01 19 49.2637 1606.64 36 44.6289 1031.15 23 44.8326
28 pr.load_src.txt 1362.89 19 71.7311 2523.82 36 70.1061 1699.25 23 73.8804
29 pr.load_cli.txt 1213.93 20 60.6965 2407.45 39 61.7295 1397.92 23 60.7791
29 pr.load_dst.txt 736.1 20 36.805 1268.89 39 32.5356 757.85 23 32.95
29 pr.load_src.txt 679.85 20 33.9925 1279.11 39 32.7977 805.89 22 36.6314
30 pr.load_cli.txt 1153.01 19 60.6847 2344.63 38 61.7008 1334.13 22 60.6423
30 pr.load_dst.txt 1406.87 19 74.0458 2674.05 38 70.3697 1560.36 22 70.9255
30 pr.load_src.txt 883.33 19 46.4911 1670.65 38 43.9645 1071.04 22 48.6836
31 pr.load_cli.txt 1152.18 19 60.6411 2282.88 37 61.6995 1334.5 22 60.6591
31 pr.load_dst.txt 935.18 19 49.22 1634.92 37 44.187 1010.53 22 45.9332
31 pr.load_src.txt 1361.14 19 71.6389 2609.77 37 70.5343 1633.27 22 74.2395
32 pr.load_cli.txt 1156.76 19 60.8821 2415.34 39 61.9318 1401.23 23 60.923
32 pr.load_dst.txt 702.83 19 36.9911 1270.77 39 32.5838 730.21 22 33.1914
32 pr.load_src.txt 646.78 19 34.0411 1303.74 39 33.4292 811.73 22 36.8968
33 pr.load_cli.txt 1151.6 19 60.6105 2775.11 45 61.6691 1395.14 23 60.6583
33 pr.load_dst.txt 1410.3 19 74.2263 3075.13 45 68.3362 1613.84 23 70.167
33 pr.load_src.txt 882.15 19 46.4289 1970.23 45 43.7829 1081.42 22 49.1555
34 pr.load_cli.txt 1154.83 19 60.7805 2536.9 41 61.8756 1400.92 23 60.9096
34 pr.load_dst.txt 988.2 20 49.41 1788.69 41 43.6266 992.36 22 45.1073
34 pr.load_src.txt 1440.3 20 72.015 2839.1 41 69.2463 1549.12 21 73.7676
35 pr.load_cli.txt 1161.32 19 61.1221 2680.7 43 62.3419 1411.1 23 61.3522
35 pr.load_dst.txt 711.73 19 37.4595 1423.69 43 33.1091 779.5 23 33.8913
35 pr.load_src.txt 657.18 19 34.5884 1407.49 43 32.7323 859.79 23 37.3822
