0 pr.load_cli.txt 1484.72 27 54.9896 548.96 9 60.9956 2033.22 33 61.6127
0 pr.load_dst.txt 2023.65 27 74.95 584.3 9 64.9222 2332.07 32 72.8772
0 pr.load_n1.txt 2697.27 27 99.8989 898.38 9 99.82 3296.65 33 99.8985
0 pr.load_n2.txt 2697.79 27 99.9181 897.63 9 99.7367 3296.69 33 99.8997
0 pr.load_src.txt 1341.32 27 49.6785 430.01 9 47.7789 1596.84 32 49.9013
1 pr.load_cli.txt 1226.19 20 61.3095 623.47 10 62.347 2032.54 33 61.5921
1 pr.load_dst.txt 998.42 20 49.921 382.95 10 38.295 1527.18 32 47.7244
1 pr.load_n1.txt 1897.49 19 99.8679 997.37 10 99.737 3394.6 34 99.8412
1 pr.load_n2.txt 1896.62 19 99.8221 997.48 10 99.748 3394.21 34 99.8297
1 pr.load_src.txt 1492.99 20 74.6495 734.56 10 73.456 2397.84 32 74.9325
2 pr.load_cli.txt 1163 19 61.2105 685.48 11 62.3164 2032.23 33 61.5827
2 pr.load_dst.txt 710.26 19 37.3821 304.58 11 27.6891 1154.5 33 34.9848
2 pr.load_n1.txt 1895.73 19 99.7753 1096.48 11 99.68 3292.82 33 99.7824
2 pr.load_n2.txt 1895.49 19 99.7626 1095.99 11 99.6355 3391.7 34 99.7559
2 pr.load_src.txt 704.39 19 37.0732 392.44 11 35.6764 1233.13 33 37.3676
3 pr.load_cli.txt 1162.43 19 61.1805 560.3 9 62.2556 2031.23 33 61.5524
3 pr.load_dst.txt 1497.65 20 74.8825 579.19 9 64.3544 2333.06 32 72.9081
3 pr.load_n1.txt 1894.72 19 99.7221 895.98 9 99.5533 3290.43 33 99.71
3 pr.load_n2.txt 1894.34 19 99.7021 896.36 9 99.5956 3289.57 33 99.6839
3 pr.load_src.txt 990.65 20 49.5325 427.88 9 47.5422 1594.38 32 49.8244
4 pr.load_cli.txt 1162.55 19 61.1868 685.06 11 62.2782 2031.04 33 61.5467
4 pr.load_dst.txt 946.95 19 49.8395 434.8 11 39.5273 1517.01 32 47.4066
4 pr.load_n1.txt 1892.71 19 99.6163 1094.74 11 99.5218 3288.03 33 99.6373
4 pr.load_n2.txt 1892.84 19 99.6232 1094.73 11 99.5209 3287.17 33 99.6112
4 pr.load_src.txt 1417 19 74.5789 807.73 11 73.43 2395.37 32 74.8553
5 pr.load_cli.txt 1224.59 20 61.2295 684.38 11 62.2164 2029.34 33 61.4952
5 pr.load_dst.txt 746.44 20 37.322 298.96 11 27.1782 1157.87 33 35.087
5 pr.load_n1.txt 1991.72 20 99.586 1093.36 11 99.3964 3286.05 33 99.5773
5 pr.load_n2.txt 1991.85 20 99.5925 1094.36 11 99.4873 3285.2 33 99.5515
5 pr.load_src.txt 740.35 20 37.0175 390.81 11 35.5282 1195.15 32 37.3484
6 pr.load_cli.txt 1162.04 19 61.16 622.19 10 62.219 1966.22 32 61.4444
6 pr.load_dst.txt 1421.77 19 74.83 651.82 10 65.182 2323.03 32 72.5947
6 pr.load_n1.txt 1889.71 19 99.4584 993.11 10 99.311 3283.69 33 99.5058
6 pr.load_n2.txt 1890.37 19 99.4932 992.98 10 99.298 3283.34 33 99.4952
6 pr.load_src.txt 940.19 19 49.4837 469.62 10 46.962 1592.66 32 49.7706
7 pr.load_cli.txt 1223.46 20 61.173 622.03 10 62.203 2028.44 33 61.4679
7 pr.load_dst.txt 994.68 20 49.734 381.83 10 38.183 1564.66 33 47.4139
7 pr.load_n1.txt 1988.12 20 99.406 992.12 10 99.212 3281.72 33 99.4461
7 pr.load_n2.txt 1988.76 20 99.438 991.64 10 99.164 3282.13 33 99.4585
7 pr.load_src.txt 1490.73 20 74.5365 726.54 10 72.654 2467.36 33 74.7685
8 pr.load_cli.txt 1223.03 20 61.1515 683.94 11 62.1764 2027.26 33 61.4321
8 pr.load_dst.txt 745.33 20 37.2665 296.46 11 26.9509 1117.79 32 34.9309
8 pr.load_n1.txt 1986.74 20 99.337 1091.6 11 99.2364 3279.71 33 99.3852
8 pr.load_n2.txt 1987.62 20 99.381 1090.87 11 99.17 3279.06 33 99.3655
8 pr.load_src.txt 738.7 20 36.935 383.34 11 34.8491 1191.97 32 37.2491
9 pr.load_cli.txt 1160.79 19 61.0942 994.81 16 62.1756 2026.47 33 61.4082
9 pr.load_dst.txt 1495.68 20 74.784 1056.12 16 66.0075 2318.97 32 72.4678
9 pr.load_n1.txt 1886.96 19 99.3137 1577.69 16 98.6056 3276.19 33 99.2785
9 pr.load_n2.txt 1885.98 19 99.2621 1576.81 16 98.5506 3374.86 34 99.2606
9 pr.load_src.txt 988.32 20 49.416 702.08 16 43.88 1590.21 32 49.6941
10 pr.load_cli.txt 1160.6 19 61.0842 1179.82 19 62.0958 1964.72 32 61.3975
10 pr.load_dst.txt 944.81 19 49.7268 757.13 19 39.8489 1477.77 32 46.1803
10 pr.load_n1.txt 1884.85 19 99.2026 1875.12 19 98.6905 3175.92 32 99.2475
10 pr.load_n2.txt 1885.34 19 99.2284 1874.12 19 98.6379 3273.3 33 99.1909
10 pr.load_src.txt 1415.1 19 74.4789 1339.85 19 70.5184 2391.19 32 74.7247
11 pr.load_cli.txt 1221.67 20 61.0835 1117.96 18 62.1089 2025.94 33 61.3921
11 pr.load_dst.txt 744.43 20 37.2215 511.18 18 28.3989 1145.82 33 34.7218
11 pr.load_n1.txt 1982.6 20 99.13 1774.49 18 98.5828 3271.79 33 99.1452
11 pr.load_n2.txt 1982.95 20 99.1475 1671.28 17 98.3106 3371.31 34 99.1562
11 pr.load_src.txt 737.35 20 36.8675 578.83 18 32.1572 1190.31 32 37.1972
12 pr.load_cli.txt 1222.26 20 61.113 621.15 10 62.115 1963.37 32 61.3553
12 pr.load_dst.txt 1492.4 20 74.62 639.84 10 63.984 2306.55 32 72.0797
12 pr.load_n1.txt 1982.6 20 99.13 990.1 10 99.01 3171.93 32 99.1228
12 pr.load_n2.txt 1882.36 19 99.0716 989.85 10 98.985 3367.23 34 99.0362
12 pr.load_src.txt 987.01 20 49.3505 477.66 10 47.766 1588.4 32 49.6375
13 pr.load_cli.txt 1221.42 20 61.071 682.73 11 62.0664 1962.16 32 61.3175
13 pr.load_dst.txt 992.62 20 49.631 421.56 11 38.3236 1506.32 32 47.0725
13 pr.load_n1.txt 1980.12 20 99.006 1088.25 11 98.9318 3266.73 33 98.9918
13 pr.load_n2.txt 1880.51 19 98.9742 1088.11 11 98.9191 3366.46 34 99.0135
13 pr.load_src.txt 1487.67 20 74.3835 806.91 11 73.3555 2389 32 74.6562
14 pr.load_cli.txt 1221.14 20 61.057 744.79 12 62.0658 1960.97 32 61.2803
14 pr.load_dst.txt 742.81 20 37.1405 323.6 12 26.9667 1116.48 32 34.89
14 pr.load_n1.txt 1879.23 19 98.9068 1187.22 12 98.935 3363.96 34 98.94
14 pr.load_n2.txt 1879.6 19 98.9263 1186.75 12 98.8958 3364.72 34 98.9624
14 pr.load_src.txt 736.36 20 36.818 426.22 12 35.5183 1186.84 32 37.0887
15 pr.load_cli.txt 1220.09 20 61.0045 558.1 9 62.0111 1962.96 32 61.3425
15 pr.load_dst.txt 1492.94 20 74.647 577.06 9 64.1178 2323.26 32 72.6019
15 pr.load_n1.txt 1978.2 20 98.91 888.6 9 98.7333 3164.19 32 98.8809
15 pr.load_n2.txt 1878.97 19 98.8932 888.5 9 98.7222 3262.49 33 98.8633
15 pr.load_src.txt 985.61 20 49.2805 425.9 9 47.3222 1585.39 32 49.5434
16 pr.load_cli.txt 1157.65 19 60.9289 744.57 12 62.0475 2022.37 33 61.2839
16 pr.load_dst.txt 936.3 19 49.2789 466.23 12 38.8525 1545.42 33 46.8309
16 pr.load_n1.txt 1878.35 19 98.8605 1185.34 12 98.7783 3261.86 33 98.8442
16 pr.load_n2.txt 1877.85 19 98.8342 1184.22 12 98.685 3360.71 34 98.8444
16 pr.load_src.txt 1412.34 19 74.3337 880.01 12 73.3342 2462.05 33 74.6076
17 pr.load_cli.txt 1157.74 19 60.9337 744.3 12 62.025 2022.9 33 61.3
17 pr.load_dst.txt 741.48 20 37.074 324.96 12 27.08 1114.25 32 34.8203
17 pr.load_n1.txt 1877.33 19 98.8068 1184.34 12 98.695 3259.19 33 98.7633
17 pr.load_n2.txt 1876.2 19 98.7474 1183.72 12 98.6433 3258.42 33 98.74
17 pr.load_src.txt 734.79 20 36.7395 425.57 12 35.4642 1184.53 32 37.0166
18 pr.load_cli.txt 1156.71 19 60.8795 619.51 10 61.951 1959.17 32 61.2241
18 pr.load_dst.txt 1417.51 19 74.6058 650.7 10 65.07 2316.55 32 72.3922
18 pr.load_n1.txt 1875.57 19 98.7142 985.49 10 98.549 3256.28 33 98.6752
18 pr.load_n2.txt 1874.72 19 98.6695 985.1 10 98.51 3256.44 33 98.68
18 pr.load_src.txt 934.99 19 49.21 468.29 10 46.829 1583.08 32 49.4712
19 pr.load_cli.txt 1155.96 19 60.84 681.24 11 61.9309 2019.72 33 61.2036
19 pr.load_dst.txt 939.86 19 49.4663 432.85 11 39.35 1539.48 33 46.6509
19 pr.load_n1.txt 1874.58 19 98.6621 1082.71 11 98.4282 3255.67 33 98.6567
19 pr.load_n2.txt 1873.23 19 98.5911 1082.6 11 98.4182 3351.61 34 98.5768
19 pr.load_src.txt 1411.01 19 74.2637 797.34 11 72.4855 2459.82 33 74.54
20 pr.load_cli.txt 1156.94 19 60.8916 743.26 12 61.9383 2018.79 33 61.1755
20 pr.load_dst.txt 739.11 20 36.9555 323.91 12 26.9925 1108.73 32 34.6478
20 pr.load_n1.txt 1872.97 19 98.5774 1180.59 12 98.3825 3252.33 33 98.5555
20 pr.load_n2.txt 1873.48 19 98.6042 1180.98 12 98.415 3349.74 34 98.5218
20 pr.load_src.txt 733.44 20 36.672 416.68 12 34.7233 1182.39 32 36.9497
21 pr.load_cli.txt 1217.88 20 60.894 1052.91 17 61.9359 2018.91 33 61.1791
21 pr.load_dst.txt 1490.63 20 74.5315 1103.99 17 64.9406 2321.06 33 70.3352
21 pr.load_n1.txt 1971.47 20 98.5735 1663.77 17 97.8688 3249.97 33 98.4839
21 pr.load_n2.txt 1966.71 20 98.3355 1662.54 17 97.7965 3248.86 33 98.4503
21 pr.load_src.txt 982.38 20 49.119 741.98 17 43.6459 1630.59 33 49.4118
22 pr.load_cli.txt 1155.59 19 60.8205 1175.82 19 61.8853 2017.88 33 61.1479
22 pr.load_dst.txt 939.45 19 49.4447 753.38 19 39.6516 1461.09 32 45.6591
22 pr.load_n1.txt 1869.48 19 98.3937 1857.95 19 97.7868 3245.32 33 98.343
22 pr.load_n2.txt 1868.85 19 98.3605 1854.21 19 97.59 3247.84 33 98.4194
22 pr.load_src.txt 1409.8 19 74.2 1333.93 19 70.2068 2383.17 32 74.4741
23 pr.load_cli.txt 1156.02 19 60.8432 1175.39 19 61.8626 2016.98 33 61.1206
23 pr.load_dst.txt 701.58 19 36.9253 533.46 19 28.0768 1130.61 33 34.2609
23 pr.load_n1.txt 1867.33 19 98.2805 1858.13 19 97.7963 3342.57 34 98.3109
23 pr.load_n2.txt 1867.23 19 98.2753 1855.79 19 97.6732 3341.03 34 98.2656
23 pr.load_src.txt 695.46 19 36.6032 598.85 19 31.5184 1217.11 33 36.8821
24 pr.load_cli.txt 1216.73 20 60.8365 618.58 10 61.858 2015.39 33 61.0724
24 pr.load_dst.txt 1482.97 20 74.1485 643.17 10 64.317 2283.08 32 71.3462
24 pr.load_n1.txt 1965.55 20 98.2775 980.96 10 98.096 3242.64 33 98.2618
24 pr.load_n2.txt 1965.08 20 98.254 981.84 10 98.184 3243.07 33 98.2748
24 pr.load_src.txt 981.11 20 49.0555 475.24 10 47.524 1579.09 32 49.3466
25 pr.load_cli.txt 1154.69 19 60.7732 803.71 13 61.8238 2015.74 33 61.083
25 pr.load_dst.txt 937.93 19 49.3647 518.82 13 39.9092 1502.3 32 46.9469
25 pr.load_n1.txt 1865.59 19 98.1889 1275.85 13 98.1423 3240.4 33 98.1939
25 pr.load_n2.txt 1866.22 19 98.2221 1275.34 13 98.1031 3240.68 33 98.2024
25 pr.load_src.txt 1408.56 19 74.1347 951.97 13 73.2285 2381.05 32 74.4078
26 pr.load_cli.txt 1154.3 19 60.7526 803.76 13 61.8277 2015.08 33 61.063
26 pr.load_dst.txt 737.35 20 36.8675 354.96 13 27.3046 1099.38 32 34.3556
26 pr.load_n1.txt 1863.07 19 98.0563 1274.33 13 98.0254 3237.93 33 98.1191
26 pr.load_n2.txt 1864.45 19 98.1289 1275 13 98.0769 3239.03 33 98.1524
26 pr.load_src.txt 730.95 20 36.5475 460.07 13 35.39 1177.3 32 36.7906
27 pr.load_cli.txt 1153.31 19 60.7005 679.36 11 61.76 2015.09 33 61.0633
27 pr.load_dst.txt 1412.65 19 74.35 705.97 11 64.1791 2372.25 33 71.8864
27 pr.load_n1.txt 1863.44 19 98.0758 1077.59 11 97.9627 3235.01 33 98.0306
27 pr.load_n2.txt 1864.36 19 98.1242 1077.84 11 97.9855 3238.08 33 98.1236
27 pr.load_src.txt 929.95 19 48.9447 522.8 11 47.5273 1578.26 32 49.3206
28 pr.load_cli.txt 1153.2 19 60.6947 802.86 13 61.7585 2014.35 33 61.0409
28 pr.load_dst.txt 936.26 19 49.2768 512.82 13 39.4477 1495.56 32 46.7363
28 pr.load_n1.txt 1861.82 19 97.9905 1273.7 13 97.9769 3234.52 33 98.0158
28 pr.load_n2.txt 1863.82 19 98.0958 1272.98 13 97.9215 3235.34 33 98.0406
28 pr.load_src.txt 1407.86 19 74.0979 950.21 13 73.0931 2378.05 32 74.3141
29 pr.load_cli.txt 1152.24 19 60.6442 802.08 13 61.6985 2013.24 33 61.0073
29 pr.load_dst.txt 698.79 19 36.7784 362.2 13 27.8615 1134.39 33 34.3755
29 pr.load_n1.txt 1860.05 19 97.8974 1270.95 13 97.7654 3231.74 33 97.9315
29 pr.load_n2.txt 1860.84 19 97.9389 1272.07 13 97.8515 3231.04 33 97.9103
29 pr.load_src.txt 730.01 20 36.5005 457.25 13 35.1731 1175.24 32 36.7263
30 pr.load_cli.txt 1212.96 20 60.648 678.43 11 61.6755 1951.18 32 60.9744
30 pr.load_dst.txt 1483.19 20 74.1595 710.94 11 64.6309 2299.64 32 71.8638
30 pr.load_n1.txt 1960.06 20 98.003 1073.85 11 97.6227 3133.53 32 97.9228
30 pr.load_n2.txt 1958.44 20 97.922 1075.7 11 97.7909 3228.31 33 97.8276
30 pr.load_src.txt 978.07 20 48.9035 509.15 11 46.2864 1573.82 32 49.1819
31 pr.load_cli.txt 1213.36 20 60.668 740.6 12 61.7167 1951.92 32 60.9975
31 pr.load_dst.txt 983.89 20 49.1945 468.03 12 39.0025 1496.8 32 46.775
31 pr.load_n1.txt 1957.79 20 97.8895 1172.56 12 97.7133 3227.38 33 97.7994
31 pr.load_n2.txt 1957.35 20 97.8675 1173.31 12 97.7758 3229.94 33 97.877
31 pr.load_src.txt 1480.8 20 74.04 865.04 12 72.0867 2376.75 32 74.2734
32 pr.load_cli.txt 1213.76 20 60.688 801.34 13 61.6415 2010.74 33 60.9315
32 pr.load_dst.txt 733.66 20 36.683 359.22 13 27.6323 1121.61 33 33.9882
32 pr.load_n1.txt 1955.56 20 97.778 1269.96 13 97.6892 3227.88 33 97.8145
32 pr.load_n2.txt 1956.67 20 97.8335 1268.09 13 97.5454 3226.85 33 97.7833
32 pr.load_src.txt 727.46 20 36.373 447.12 13 34.3938 1174.57 32 36.7053
33 pr.load_cli.txt 1212.43 20 60.6215 1171.65 19 61.6658 1948.45 32 60.8891
33 pr.load_dst.txt 1485.5 20 74.275 1241.71 19 65.3532 2263.98 32 70.7494
33 pr.load_n1.txt 1953.66 20 97.683 1844.95 19 97.1026 3220.65 33 97.5955
33 pr.load_n2.txt 1953.65 20 97.6825 1849.62 19 97.3484 3238.69 33 98.1421
33 pr.load_src.txt 976.87 20 48.8435 820.98 19 43.2095 1571.79 32 49.1184
34 pr.load_cli.txt 1149.31 19 60.49 1232.85 20 61.6425 2010.06 33 60.9109
34 pr.load_dst.txt 933.28 19 49.12 786.09 20 39.3045 1487.64 33 45.08
34 pr.load_n1.txt 1856.13 19 97.6911 1943.2 20 97.16 3220.07 33 97.5779
34 pr.load_n2.txt 1855.45 19 97.6553 1946.4 20 97.32 3231.04 33 97.9103
34 pr.load_src.txt 1478.5 20 73.925 1387.9 20 69.395 2300.15 31 74.1984
35 pr.load_cli.txt 1210.99 20 60.5495 1292.99 21 61.571 1946.29 32 60.8216
35 pr.load_dst.txt 733.33 20 36.6665 586.97 21 27.951 1069.46 32 33.4206
35 pr.load_n1.txt 1851.69 19 97.4574 2035.95 21 96.95 3214.65 33 97.4136
35 pr.load_n2.txt 1857.83 19 97.7805 2040.29 21 97.1567 3320.53 34 97.6626
35 pr.load_src.txt 726.69 20 36.3345 673.44 21 32.0686 1171.94 32 36.6231
