0 pr.load_cli.txt 1481.62 27 54.8748 311.76 5 62.352 2022.03 33 61.2736
0 pr.load_dst.txt 2024.3 27 74.9741 314.14 5 62.828 2327.1 32 72.7219
0 pr.load_n1.txt 2697.29 27 99.8996 498.51 5 99.702 3296.81 33 99.9033
0 pr.load_n2.txt 2697.27 27 99.8989 498.63 5 99.726 3297.42 33 99.9218
0 pr.load_src.txt 1342.54 27 49.7237 248.62 5 49.724 1596.79 32 49.8997
1 pr.load_cli.txt 1163.34 19 61.2284 374.25 6 62.375 2034.23 33 61.6433
1 pr.load_dst.txt 948.85 19 49.9395 228.41 6 38.0683 1563.19 33 47.3694
1 pr.load_n1.txt 1896.23 19 99.8016 598.37 6 99.7283 3295.08 33 99.8509
1 pr.load_n2.txt 1896.49 19 99.8153 597.75 6 99.625 3394.34 34 99.8335
1 pr.load_src.txt 1493.18 20 74.659 449.14 6 74.8567 2396.95 32 74.9047
2 pr.load_cli.txt 1163.19 19 61.2205 436.17 7 62.31 1971.33 32 61.6041
2 pr.load_dst.txt 748.46 20 37.423 171.51 7 24.5014 1096.67 31 35.3765
2 pr.load_n1.txt 1895.24 19 99.7495 697.98 7 99.7114 3291.82 33 99.7521
2 pr.load_n2.txt 1895.83 19 99.7805 698.24 7 99.7486 3291.71 33 99.7488
2 pr.load_src.txt 741.89 20 37.0945 261.01 7 37.2871 1157.96 31 37.3535
3 pr.load_cli.txt 1225.71 20 61.2855 311.44 5 62.288 1970.12 32 61.5663
3 pr.load_dst.txt 1498.13 20 74.9065 300.42 5 60.084 2261.13 31 72.9397
3 pr.load_n1.txt 1994.31 20 99.7155 497.49 5 99.498 3191.67 32 99.7397
3 pr.load_n2.txt 1894.35 19 99.7026 498.24 5 99.648 3290.55 33 99.7136
3 pr.load_src.txt 991.08 20 49.554 248.44 5 49.688 1545.33 31 49.8494
4 pr.load_cli.txt 1162.96 19 61.2084 435.23 7 62.1757 1968.84 32 61.5262
4 pr.load_dst.txt 947.67 19 49.8774 262.49 7 37.4986 1527.82 32 47.7444
4 pr.load_n1.txt 1893.19 19 99.6416 697.1 7 99.5857 3188.56 32 99.6425
4 pr.load_n2.txt 1893.2 19 99.6421 696.73 7 99.5329 3188.29 32 99.6341
4 pr.load_src.txt 1417.46 19 74.6032 523.71 7 74.8157 2394.77 32 74.8366
5 pr.load_cli.txt 1225.14 20 61.257 373.29 6 62.215 1968.22 32 61.5069
5 pr.load_dst.txt 747 20 37.35 141.71 6 23.6183 1124.05 32 35.1266
5 pr.load_n1.txt 1991.69 20 99.5845 596.74 6 99.4567 3186.44 32 99.5762
5 pr.load_n2.txt 1991.21 20 99.5605 597.12 6 99.52 3285.93 33 99.5736
5 pr.load_src.txt 740.89 20 37.0445 223.28 6 37.2133 1193.32 32 37.2912
6 pr.load_cli.txt 1161.72 19 61.1432 310.88 5 62.176 2029.85 33 61.5106
6 pr.load_dst.txt 1422.32 19 74.8589 317.13 5 63.426 2383.77 33 72.2355
6 pr.load_n1.txt 1890.61 19 99.5058 496.88 5 99.376 3284.74 33 99.5376
6 pr.load_n2.txt 1890.25 19 99.4868 496.75 5 99.35 3283.61 33 99.5033
6 pr.load_src.txt 939.26 19 49.4347 248.19 5 49.638 1594.36 32 49.8238
7 pr.load_cli.txt 1160.87 19 61.0984 435.44 7 62.2057 1966.6 32 61.4562
7 pr.load_dst.txt 946.12 19 49.7958 261.34 7 37.3343 1519.89 32 47.4966
7 pr.load_n1.txt 1888.87 19 99.4142 695.25 7 99.3214 3182.51 32 99.4534
7 pr.load_n2.txt 1888.84 19 99.4126 695.74 7 99.3914 3281.49 33 99.4391
7 pr.load_src.txt 1490.63 20 74.5315 522.87 7 74.6957 2318.51 31 74.7906
8 pr.load_cli.txt 1223.51 20 61.1755 372.55 6 62.0917 1965.91 32 61.4347
8 pr.load_dst.txt 745.67 20 37.2835 141.3 6 23.55 1115.88 32 34.8713
8 pr.load_n1.txt 1988.45 20 99.4225 595.12 6 99.1867 3279.18 33 99.3691
8 pr.load_n2.txt 1887.85 19 99.3605 595.37 6 99.2283 3379.05 34 99.3838
8 pr.load_src.txt 739.86 20 36.993 222.66 6 37.11 1191.13 32 37.2228
9 pr.load_cli.txt 1222.36 20 61.118 373.19 6 62.1983 1966.13 32 61.4416
9 pr.load_dst.txt 1496.17 20 74.8085 350.59 6 58.4317 2327.95 32 72.7484
9 pr.load_n1.txt 1985.96 20 99.298 595.24 6 99.2067 3177.92 32 99.31
9 pr.load_n2.txt 1886.47 19 99.2879 595.25 6 99.2083 3277.55 33 99.3197
9 pr.load_src.txt 988.63 20 49.4315 297.44 6 49.5733 1590.23 32 49.6947
10 pr.load_cli.txt 1160.38 19 61.0726 559.19 9 62.1322 1965.33 32 61.4166
10 pr.load_dst.txt 945 19 49.7368 325.22 9 36.1356 1510.33 32 47.1978
10 pr.load_n1.txt 1885.95 19 99.2605 892.35 9 99.15 3175.93 32 99.2478
10 pr.load_n2.txt 1886.1 19 99.2684 892.35 9 99.15 3175.95 32 99.2484
10 pr.load_src.txt 1414.8 19 74.4632 671.67 9 74.63 2391.37 32 74.7303
11 pr.load_cli.txt 1159.52 19 61.0274 559.27 9 62.1411 2025.94 33 61.3921
11 pr.load_dst.txt 744.47 20 37.2235 212.18 9 23.5756 1088.43 31 35.1106
11 pr.load_n1.txt 1884.33 19 99.1753 891.73 9 99.0811 3272.57 33 99.1688
11 pr.load_n2.txt 1884.22 19 99.1695 891.98 9 99.1089 3272.66 33 99.1715
11 pr.load_src.txt 737.7 20 36.885 333.87 9 37.0967 1152.14 31 37.1658
12 pr.load_cli.txt 1159.28 19 61.0147 310.37 5 62.074 2026.11 33 61.3973
12 pr.load_dst.txt 1420.12 19 74.7432 315.65 5 63.13 2389.1 33 72.397
12 pr.load_n1.txt 1882.83 19 99.0963 494.62 5 98.924 3271.32 33 99.1309
12 pr.load_n2.txt 1882.46 19 99.0768 494.51 5 98.902 3270.06 33 99.0927
12 pr.load_src.txt 937.56 19 49.3453 247.69 5 49.538 1589.33 32 49.6666
13 pr.load_cli.txt 1158.82 19 60.9905 434.82 7 62.1171 1963.02 32 61.3444
13 pr.load_dst.txt 943.48 19 49.6568 260.85 7 37.2643 1518.93 32 47.4666
13 pr.load_n1.txt 1881.35 19 99.0184 692.49 7 98.9271 3168.72 32 99.0225
13 pr.load_n2.txt 1881.86 19 99.0453 692.98 7 98.9971 3267.04 33 99.0012
13 pr.load_src.txt 1413.76 19 74.4084 522 7 74.5714 2389.32 32 74.6662
14 pr.load_cli.txt 1221.4 20 61.07 372.45 6 62.075 1962.13 32 61.3166
14 pr.load_dst.txt 742.88 20 37.144 139.4 6 23.2333 1119.26 32 34.9769
14 pr.load_n1.txt 1979.45 20 98.9725 593 6 98.8333 3265.38 33 98.9509
14 pr.load_n2.txt 1880.12 19 98.9537 593.63 6 98.9383 3364.84 34 98.9659
14 pr.load_src.txt 736.66 20 36.833 221.99 6 36.9983 1186.92 32 37.0913
15 pr.load_cli.txt 1158.56 19 60.9768 310.49 5 62.098 2023.37 33 61.3142
15 pr.load_dst.txt 1419.06 19 74.6874 315.1 5 63.02 2382.44 33 72.1952
15 pr.load_n1.txt 1879.36 19 98.9137 494.61 5 98.922 3263.94 33 98.9073
15 pr.load_n2.txt 1879.59 19 98.9258 493.98 5 98.796 3263.56 33 98.8958
15 pr.load_src.txt 936.53 19 49.2911 246.94 5 49.388 1587.28 32 49.6025
16 pr.load_cli.txt 1158 19 60.9474 434.45 7 62.0643 1960.29 32 61.2591
16 pr.load_dst.txt 942.09 19 49.5837 259 7 37 1503.52 32 46.985
16 pr.load_n1.txt 1878.08 19 98.8463 691.23 7 98.7471 3261.8 33 98.8424
16 pr.load_n2.txt 1878.22 19 98.8537 691.24 7 98.7486 3262.09 33 98.8512
16 pr.load_src.txt 1412.46 19 74.34 521.61 7 74.5157 2387.23 32 74.6009
17 pr.load_cli.txt 1220.13 20 61.0065 372.11 6 62.0183 2022.77 33 61.2961
17 pr.load_dst.txt 741.64 20 37.082 141.56 6 23.5933 1113.21 32 34.7878
17 pr.load_n1.txt 1976.69 20 98.8345 592.61 6 98.7683 3259.42 33 98.7703
17 pr.load_n2.txt 1974.6 20 98.73 592.61 6 98.7683 3258.56 33 98.7442
17 pr.load_src.txt 735.04 20 36.752 221.46 6 36.91 1185.08 32 37.0337
18 pr.load_cli.txt 1158.12 19 60.9537 309.63 5 61.926 2022.33 33 61.2827
18 pr.load_dst.txt 1417.48 19 74.6042 314.89 5 62.978 2380.8 33 72.1455
18 pr.load_n1.txt 1874.47 19 98.6563 492.74 5 98.548 3256.43 33 98.6797
18 pr.load_n2.txt 1874.59 19 98.6626 492.98 5 98.596 3256.59 33 98.6845
18 pr.load_src.txt 935.05 19 49.2132 246.87 5 49.374 1633.36 33 49.4958
19 pr.load_cli.txt 1157.25 19 60.9079 433.93 7 61.99 1958.85 32 61.2141
19 pr.load_dst.txt 990.39 20 49.5195 249.36 7 35.6229 1468.96 31 47.3858
19 pr.load_n1.txt 1874.33 19 98.6489 689.73 7 98.5329 3155.05 32 98.5953
19 pr.load_n2.txt 1874.97 19 98.6826 689.98 7 98.5686 3253.43 33 98.5888
19 pr.load_src.txt 1485.88 20 74.294 521.03 7 74.4329 2311 31 74.5484
20 pr.load_cli.txt 1218.66 20 60.933 371.69 6 61.9483 2020.33 33 61.2221
20 pr.load_dst.txt 740.48 20 37.024 138.51 6 23.085 1146.76 33 34.7503
20 pr.load_n1.txt 1972.19 20 98.6095 591.37 6 98.5617 3252.09 33 98.5482
20 pr.load_n2.txt 1971.98 20 98.599 591.25 6 98.5417 3254.53 33 98.6221
20 pr.load_src.txt 733.65 20 36.6825 221.01 6 36.835 1184.08 32 37.0025
21 pr.load_cli.txt 1156.13 19 60.8489 371.73 6 61.955 2019.51 33 61.1973
21 pr.load_dst.txt 1416.48 19 74.5516 370.81 6 61.8017 2349.65 33 71.2015
21 pr.load_n1.txt 1870.99 19 98.4732 590.37 6 98.395 3252.86 33 98.5715
21 pr.load_n2.txt 1871.35 19 98.4921 590.12 6 98.3533 3250.87 33 98.5112
21 pr.load_src.txt 933.51 19 49.1321 295.57 6 49.2617 1630.89 33 49.4209
22 pr.load_cli.txt 1217.21 20 60.8605 495.24 8 61.905 2017.87 33 61.1476
22 pr.load_dst.txt 989.04 20 49.452 273.67 8 34.2088 1461.3 32 45.6656
22 pr.load_n1.txt 1871.45 19 98.4974 786.98 8 98.3725 3347.37 34 98.4521
22 pr.load_n2.txt 1870.63 19 98.4542 786.85 8 98.3563 3348.38 34 98.4818
22 pr.load_src.txt 1484.02 20 74.201 595.51 8 74.4387 2383.62 32 74.4881
23 pr.load_cli.txt 1156.26 19 60.8558 557.01 9 61.89 1956.58 32 61.1431
23 pr.load_dst.txt 701.74 19 36.9337 220.45 9 24.4944 1097.24 32 34.2888
23 pr.load_n1.txt 1867.94 19 98.3126 885.47 9 98.3856 3147.81 32 98.3691
23 pr.load_n2.txt 1869.09 19 98.3732 884.99 9 98.3322 3245.85 33 98.3591
23 pr.load_src.txt 695.49 19 36.6047 331.06 9 36.7844 1180.43 32 36.8884
24 pr.load_cli.txt 1155.42 19 60.8116 371.13 6 61.855 1954.74 32 61.0856
24 pr.load_dst.txt 1411.79 19 74.3047 372.03 6 62.005 2305.61 32 72.0503
24 pr.load_n1.txt 1866.71 19 98.2479 589 6 98.1667 3243.24 33 98.28
24 pr.load_n2.txt 1868.35 19 98.3342 589.37 6 98.2283 3244.28 33 98.3115
24 pr.load_src.txt 932.15 19 49.0605 295.39 6 49.2317 1578.65 32 49.3328
25 pr.load_cli.txt 1154.84 19 60.7811 432.91 7 61.8443 2016.79 33 61.1148
25 pr.load_dst.txt 938.03 19 49.37 257.93 7 36.8471 1555.15 33 47.1258
25 pr.load_n1.txt 1867.19 19 98.2732 687.6 7 98.2286 3242.39 33 98.2542
25 pr.load_n2.txt 1867.69 19 98.2995 687.23 7 98.1757 3243.04 33 98.2739
25 pr.load_src.txt 1409.16 19 74.1663 520.59 7 74.37 2456.3 33 74.4333
26 pr.load_cli.txt 1153.71 19 60.7216 432.93 7 61.8471 1953.97 32 61.0616
26 pr.load_dst.txt 700.73 19 36.8805 177.15 7 25.3071 1108.21 32 34.6316
26 pr.load_n1.txt 1865.8 19 98.2 686.49 7 98.07 3237.93 33 98.1191
26 pr.load_n2.txt 1864.95 19 98.1553 686.74 7 98.1057 3240.32 33 98.1915
26 pr.load_src.txt 694.55 19 36.5553 257.33 7 36.7614 1177.83 32 36.8072
27 pr.load_cli.txt 1153.49 19 60.71 308.8 5 61.76 2015.45 33 61.0742
27 pr.load_dst.txt 1413.32 19 74.3853 315.93 5 63.186 2374.92 33 71.9673
27 pr.load_n1.txt 1864.06 19 98.1084 490.36 5 98.072 3237.15 33 98.0955
27 pr.load_n2.txt 1862.08 19 98.0042 490.37 5 98.074 3235.79 33 98.0542
27 pr.load_src.txt 930.86 19 48.9926 245.5 5 49.1 1625.8 33 49.2667
28 pr.load_cli.txt 1154.12 19 60.7432 432.46 7 61.78 1952.58 32 61.0181
28 pr.load_dst.txt 937.33 19 49.3332 259.32 7 37.0457 1507.72 32 47.1162
28 pr.load_n1.txt 1862.32 19 98.0168 685.96 7 97.9943 3134.99 32 97.9684
28 pr.load_n2.txt 1862.95 19 98.05 685.12 7 97.8743 3232.18 33 97.9448
28 pr.load_src.txt 1408.07 19 74.1089 520.33 7 74.3329 2379.92 32 74.3725
29 pr.load_cli.txt 1152.41 19 60.6532 432.1 7 61.7286 2014.07 33 61.0324
29 pr.load_dst.txt 699.3 19 36.8053 175.25 7 25.0357 1122.54 33 34.0164
29 pr.load_n1.txt 1861.32 19 97.9642 685.48 7 97.9257 3231.02 33 97.9097
29 pr.load_n2.txt 1862.03 19 98.0016 685.23 7 97.89 3232.02 33 97.94
29 pr.load_src.txt 692.93 19 36.47 256.71 7 36.6729 1212.33 33 36.7373
30 pr.load_cli.txt 1152.62 19 60.6642 369.85 6 61.6417 2013.56 33 61.017
30 pr.load_dst.txt 1412.39 19 74.3363 372.31 6 62.0517 2344.3 33 71.0394
30 pr.load_n1.txt 1860.06 19 97.8979 586.84 6 97.8067 3229.38 33 97.86
30 pr.load_n2.txt 1860.28 19 97.9095 586.73 6 97.7883 3231.12 33 97.9127
30 pr.load_src.txt 929.4 19 48.9158 294.44 6 49.0733 1574.65 32 49.2078
31 pr.load_cli.txt 1152.28 19 60.6463 431.99 7 61.7129 1950.46 32 60.9519
31 pr.load_dst.txt 935.5 19 49.2368 258.31 7 36.9014 1500.07 32 46.8772
31 pr.load_n1.txt 1859.16 19 97.8505 684.36 7 97.7657 3228.73 33 97.8403
31 pr.load_n2.txt 1861.03 19 97.9489 684.95 7 97.85 3229.31 33 97.8579
31 pr.load_src.txt 1406.9 19 74.0474 519.66 7 74.2371 2379.01 32 74.3441
32 pr.load_cli.txt 1152.27 19 60.6458 432.06 7 61.7229 2012.48 33 60.9842
32 pr.load_dst.txt 697.95 19 36.7342 176.34 7 25.1914 1135.36 33 34.4048
32 pr.load_n1.txt 1857.42 19 97.7589 683.58 7 97.6543 3225.11 33 97.7306
32 pr.load_n2.txt 1857.07 19 97.7405 683.96 7 97.7086 3226.64 33 97.777
32 pr.load_src.txt 692 19 36.4211 256.27 7 36.61 1174.84 32 36.7138
33 pr.load_cli.txt 1212.6 20 60.63 369.99 6 61.665 1950.3 32 60.9469
33 pr.load_dst.txt 1485.72 20 74.286 348.63 6 58.105 2254.34 32 70.4481
33 pr.load_n1.txt 1952.32 20 97.616 584.73 6 97.455 3128.84 32 97.7762
33 pr.load_n2.txt 1952.83 20 97.6415 585.23 6 97.5383 3223.82 33 97.6915
33 pr.load_src.txt 977.36 20 48.868 294.13 6 49.0217 1572.47 32 49.1397
34 pr.load_cli.txt 1213.6 20 60.68 554.65 9 61.6278 1949.6 32 60.925
34 pr.load_dst.txt 983.13 20 49.1565 310.31 9 34.4789 1453.08 31 46.8735
34 pr.load_n1.txt 1856.43 19 97.7068 878.47 9 97.6078 3224.84 33 97.7224
34 pr.load_n2.txt 1856.93 19 97.7332 879.58 9 97.7311 3226.38 33 97.7691
34 pr.load_src.txt 1479.88 20 73.994 668.07 9 74.23 2301.6 31 74.2452
35 pr.load_cli.txt 1212.61 20 60.6305 493.03 8 61.6287 1947.07 32 60.8459
35 pr.load_dst.txt 733.59 20 36.6795 183.46 8 22.9325 1095.4 32 34.2313
35 pr.load_n1.txt 1854.57 19 97.6089 780.09 8 97.5113 3220.4 33 97.5879
35 pr.load_n2.txt 1855.75 19 97.6711 779.73 8 97.4663 3319.86 34 97.6429
35 pr.load_src.txt 726.71 20 36.3355 292.31 8 36.5388 1171.24 32 36.6012
