0 pr.load_cli.txt 1484.85 27 54.9944 612.23 10 61.223 1971.63 32 61.6134
0 pr.load_dst.txt 2024.25 27 74.9722 660.32 10 66.032 2329.58 32 72.7994
0 pr.load_src.txt 1289.82 27 47.7711 478.17 10 47.817 1596.91 32 49.9034
1 pr.load_cli.txt 1225.53 20 61.2765 685.88 11 62.3527 2032.32 33 61.5855
1 pr.load_dst.txt 998.86 20 49.943 433.44 11 39.4036 1522.45 32 47.5766
1 pr.load_src.txt 1446.29 20 72.3145 808.69 11 73.5173 2397.56 32 74.9237
2 pr.load_cli.txt 1163.63 19 61.2437 810.2 13 62.3231 2032.32 33 61.5855
2 pr.load_dst.txt 711.14 19 37.4284 374.25 13 28.7885 1125.74 32 35.1794
2 pr.load_src.txt 651.39 19 34.2837 466.91 13 35.9162 1196.32 32 37.385
3 pr.load_cli.txt 1226 20 61.3 560.6 9 62.2889 2031.97 33 61.5748
3 pr.load_dst.txt 1498.35 20 74.9175 585.27 9 65.03 2398.97 33 72.6961
3 pr.load_src.txt 943.51 20 47.1755 428.34 9 47.5933 1596.33 32 49.8853
4 pr.load_cli.txt 1164.44 19 61.2863 745.69 12 62.1408 2030.51 33 61.5306
4 pr.load_dst.txt 947.77 19 49.8826 483.23 12 40.2692 1568.69 33 47.5361
4 pr.load_src.txt 1391.5 19 73.2368 861.8 12 71.8167 2396.69 32 74.8966
5 pr.load_cli.txt 1164.66 19 61.2979 810.73 13 62.3638 2034.86 33 61.6624
5 pr.load_dst.txt 709.9 19 37.3632 374.46 13 28.8046 1177.18 33 35.6721
5 pr.load_src.txt 677.12 19 35.6379 465.64 13 35.8185 1209.61 33 36.6548
6 pr.load_cli.txt 1163.75 19 61.25 623.31 10 62.331 2029.08 33 61.4873
6 pr.load_dst.txt 1497.14 20 74.857 653.41 10 65.341 2327.29 32 72.7278
6 pr.load_src.txt 963.49 20 48.1745 472.24 10 47.224 1570.85 32 49.0891
7 pr.load_cli.txt 1163.43 19 61.2332 747.96 12 62.33 2030.3 33 61.5242
7 pr.load_dst.txt 946.49 19 49.8153 483.87 12 40.3225 1566.9 33 47.4818
7 pr.load_src.txt 1466.07 20 73.3035 877.48 12 73.1233 2298.78 31 74.1542
8 pr.load_cli.txt 1225.32 20 61.266 809.77 13 62.29 2031.68 33 61.5661
8 pr.load_dst.txt 745.87 20 37.2935 369.17 13 28.3977 1143.82 32 35.7444
8 pr.load_src.txt 710.21 20 35.5105 459.1 13 35.3154 1170.2 32 36.5687
9 pr.load_cli.txt 1162.17 19 61.1668 934.33 15 62.2887 2031.41 33 61.5579
9 pr.load_dst.txt 1420.46 19 74.7611 1013.81 15 67.5873 2302.4 32 71.95
9 pr.load_src.txt 908.97 19 47.8405 670.61 15 44.7073 1572.23 32 49.1322
10 pr.load_cli.txt 1162.49 19 61.1837 1058.41 17 62.2594 2027.67 33 61.4445
10 pr.load_dst.txt 944.99 19 49.7363 703.32 17 41.3718 1405.74 32 43.9294
10 pr.load_src.txt 1462.63 20 73.1315 1205.65 17 70.9206 2297.58 31 74.1155
11 pr.load_cli.txt 1161.53 19 61.1332 1182.47 19 62.2353 1964.03 32 61.3759
11 pr.load_dst.txt 706.97 19 37.2089 564.29 19 29.6995 1048.96 32 32.78
11 pr.load_src.txt 672.47 19 35.3932 628.89 19 33.0995 1166.54 32 36.4544
12 pr.load_cli.txt 1221.61 20 61.0805 682.93 11 62.0845 1962.4 32 61.325
12 pr.load_dst.txt 1494.57 20 74.7285 719.29 11 65.39 2314.78 32 72.3369
12 pr.load_src.txt 938.75 20 46.9375 526.3 11 47.8455 1539.59 31 49.6642
13 pr.load_cli.txt 1158.26 19 60.9611 807.24 13 62.0954 2024.98 33 61.363
13 pr.load_dst.txt 943.46 19 49.6558 517.35 13 39.7962 1546.94 33 46.877
13 pr.load_src.txt 1442.45 20 72.1225 954.99 13 73.4608 2388.78 32 74.6494
14 pr.load_cli.txt 1220.57 20 61.0285 744.59 12 62.0492 1962.17 32 61.3178
14 pr.load_dst.txt 743.29 20 37.1645 334.33 12 27.8608 1115.05 32 34.8453
14 pr.load_src.txt 685.34 20 34.267 425.62 12 35.4683 1186.77 32 37.0866
15 pr.load_cli.txt 1220.63 20 61.0315 620.52 10 62.052 1961.01 32 61.2816
15 pr.load_dst.txt 1493.47 20 74.6735 651.82 10 65.182 2325.11 32 72.6597
15 pr.load_src.txt 934.7 20 46.735 474.86 10 47.486 1585.47 32 49.5459
16 pr.load_cli.txt 1158.2 19 60.9579 806.29 13 62.0223 2022.67 33 61.293
16 pr.load_dst.txt 942.46 19 49.6032 525.87 13 40.4515 1511.61 32 47.2378
16 pr.load_src.txt 1368.09 19 72.0047 953.39 13 73.3377 2387.55 32 74.6109
17 pr.load_cli.txt 1157.84 19 60.9389 868.04 14 62.0029 2021.95 33 61.2712
17 pr.load_dst.txt 704.13 19 37.0595 399.31 14 28.5221 1145.34 33 34.7073
17 pr.load_src.txt 682.93 20 34.1465 498.31 14 35.5936 1149.43 31 37.0784
18 pr.load_cli.txt 1158 19 60.9474 682.09 11 62.0082 2021.54 33 61.2588
18 pr.load_dst.txt 1491.82 20 74.591 722.16 11 65.6509 2248.75 31 72.5403
18 pr.load_src.txt 935.76 20 46.788 515.41 11 46.8555 1534.83 31 49.5106
19 pr.load_cli.txt 1156.4 19 60.8632 743.92 12 61.9933 2020.8 33 61.2364
19 pr.load_dst.txt 941.04 19 49.5284 481.96 12 40.1633 1554.72 33 47.1127
19 pr.load_src.txt 1363.86 19 71.7821 873.02 12 72.7517 2459.62 33 74.5339
20 pr.load_cli.txt 1218.46 20 60.923 804.96 13 61.92 1958 32 61.1875
20 pr.load_dst.txt 740.47 20 37.0235 365.68 13 28.1292 1106.76 32 34.5863
20 pr.load_src.txt 682.56 20 34.128 452.68 13 34.8215 1182.64 32 36.9575
21 pr.load_cli.txt 1217.88 20 60.894 1114.97 18 61.9428 1956.67 32 61.1459
21 pr.load_dst.txt 1489.52 20 74.476 1211.58 18 67.31 2239.57 32 69.9866
21 pr.load_src.txt 936.18 20 46.809 789.39 18 43.855 1580.7 32 49.3969
22 pr.load_cli.txt 1155.22 19 60.8011 1176.16 19 61.9032 2019.06 33 61.1836
22 pr.load_dst.txt 939.4 19 49.4421 774.63 19 40.77 1479.8 33 44.8424
22 pr.load_src.txt 1364.3 19 71.8053 1335.47 19 70.2879 2383.99 32 74.4997
23 pr.load_cli.txt 1155.11 19 60.7953 1238.16 20 61.908 2017.58 33 61.1388
23 pr.load_dst.txt 702.46 19 36.9716 596.83 20 29.8415 1089.15 32 34.0359
23 pr.load_src.txt 643.9 19 33.8895 648.82 20 32.441 1181.37 32 36.9178
24 pr.load_cli.txt 1154.91 19 60.7847 742.02 12 61.835 2016.57 33 61.1082
24 pr.load_dst.txt 1415.11 19 74.4795 787.17 12 65.5975 2304.11 32 72.0034
24 pr.load_src.txt 884.02 19 46.5274 572.72 12 47.7267 1579.49 32 49.3591
25 pr.load_cli.txt 1215.97 20 60.7985 804.04 13 61.8492 2014.63 33 61.0494
25 pr.load_dst.txt 987.51 20 49.3755 516.71 13 39.7469 1500.29 32 46.8841
25 pr.load_src.txt 1436.38 20 71.819 951.28 13 73.1754 2380.23 32 74.3822
26 pr.load_cli.txt 1153.92 19 60.7326 926.68 15 61.7787 2016.34 33 61.1012
26 pr.load_dst.txt 699.21 19 36.8005 436.01 15 29.0673 1093.59 32 34.1747
26 pr.load_src.txt 642.18 19 33.7989 531.73 15 35.4487 1177.61 32 36.8003
27 pr.load_cli.txt 1214.86 20 60.743 741.38 12 61.7817 1952.96 32 61.03
27 pr.load_dst.txt 1484.43 20 74.2215 787.48 12 65.6233 2296.91 32 71.7784
27 pr.load_src.txt 931.67 20 46.5835 568.98 12 47.415 1576.57 32 49.2678
28 pr.load_cli.txt 1153.71 19 60.7216 864.75 14 61.7679 2014.76 33 61.0533
28 pr.load_dst.txt 936.62 19 49.2958 568.9 14 40.6357 1503.15 32 46.9734
28 pr.load_src.txt 1362.32 19 71.7011 1023.14 14 73.0814 2379.28 32 74.3525
29 pr.load_cli.txt 1214.62 20 60.731 864.22 14 61.73 2013.28 33 61.0085
29 pr.load_dst.txt 735.85 20 36.7925 398.86 14 28.49 1129.34 33 34.2224
29 pr.load_src.txt 678.75 20 33.9375 492.55 14 35.1821 1176.66 32 36.7706
30 pr.load_cli.txt 1214.61 20 60.7305 678.88 11 61.7164 2012.94 33 60.9982
30 pr.load_dst.txt 1486.37 20 74.3185 724.5 11 65.8636 2381.34 33 72.1618
30 pr.load_src.txt 930.57 20 46.5285 511.23 11 46.4755 1575.12 32 49.2225
31 pr.load_cli.txt 1152.19 19 60.6416 863.7 14 61.6929 2012.47 33 60.9839
31 pr.load_dst.txt 983.36 20 49.168 558.77 14 39.9121 1487.86 32 46.4956
31 pr.load_src.txt 1435.43 20 71.7715 1008.95 14 72.0679 2377.11 32 74.2847
32 pr.load_cli.txt 1151.71 19 60.6163 987.46 16 61.7163 2012.57 33 60.987
32 pr.load_dst.txt 697.6 19 36.7158 466.11 16 29.1319 1126.9 33 34.1485
32 pr.load_src.txt 641.4 19 33.7579 556.87 16 34.8044 1173.58 32 36.6744
33 pr.load_cli.txt 1214.02 20 60.701 1233.37 20 61.6685 1949.27 32 60.9147
33 pr.load_dst.txt 1478.27 20 73.9135 1353.48 20 67.674 2249.79 32 70.3059
33 pr.load_src.txt 928.55 20 46.4275 856.49 20 42.8245 1570.91 32 49.0909
34 pr.load_cli.txt 1151.73 19 60.6174 1171.53 19 61.6595 2010.16 33 60.9139
34 pr.load_dst.txt 934.31 19 49.1742 795.66 19 41.8768 1461.22 33 44.2794
34 pr.load_src.txt 1359.24 19 71.5389 1321.63 19 69.5595 2447.39 33 74.1633
35 pr.load_cli.txt 1150.47 19 60.5511 1356.19 22 61.645 1947.28 32 60.8525
35 pr.load_dst.txt 697.03 19 36.6858 650.25 22 29.5568 1020.45 32 31.8891
35 pr.load_src.txt 640.81 19 33.7268 717.49 22 32.6132 1171.89 32 36.6216
