0 pr.load_cli.txt 1226.88 20 61.344 1245.99 20 62.2995 1348.07 22 61.2759
0 pr.load_dst.txt 1498.12 20 74.906 1376.42 20 68.821 1580.77 22 71.8532
0 pr.load_n1.txt 1995.6 20 99.78 1994.48 20 99.724 2294.21 23 99.7483
0 pr.load_n2.txt 1995.24 20 99.762 1994.34 20 99.717 2294.85 23 99.7761
0 pr.load_src.txt 990.79 20 49.5395 829.41 20 41.4705 1092.33 22 49.6514
1 pr.load_cli.txt 1163.62 19 61.2432 1245.59 20 62.2795 1412 23 61.3913
1 pr.load_dst.txt 998.3 20 49.915 844.93 20 42.2465 1031.79 22 46.8995
1 pr.load_n1.txt 1897.1 19 99.8474 1994.98 20 99.749 2296.74 23 99.8583
1 pr.load_n2.txt 1896.88 19 99.8358 1995.37 20 99.7685 2296.75 23 99.8587
1 pr.load_src.txt 1492.35 20 74.6175 1349.99 20 67.4995 1646.68 22 74.8491
2 pr.load_cli.txt 1226.07 20 61.3035 1432.66 23 62.2896 1348.92 22 61.3145
2 pr.load_dst.txt 747.88 20 37.394 711.65 23 30.9413 753.39 22 34.245
2 pr.load_n1.txt 1895.71 19 99.7742 2292.71 23 99.683 2295.23 23 99.7926
2 pr.load_n2.txt 1895.85 19 99.7816 2293.24 23 99.7061 2394.1 24 99.7542
2 pr.load_src.txt 741.99 20 37.0995 697.86 23 30.3417 820.58 22 37.2991
3 pr.load_cli.txt 1225.9 20 61.295 1245.24 20 62.262 1346.83 22 61.2195
3 pr.load_dst.txt 1498.18 20 74.909 1371.41 20 68.5705 1583.93 22 71.9968
3 pr.load_n1.txt 1894.72 19 99.7221 1992.97 20 99.6485 2292.84 23 99.6887
3 pr.load_n2.txt 1894.11 19 99.69 1993.11 20 99.6555 2392.32 24 99.68
3 pr.load_src.txt 990.84 20 49.542 824.94 20 41.247 1094.65 22 49.7568
4 pr.load_cli.txt 1162.95 19 61.2079 1306.94 21 62.2352 1409.45 23 61.2804
4 pr.load_dst.txt 947.21 19 49.8532 893.72 21 42.5581 1074.58 23 46.7209
4 pr.load_n1.txt 1893.06 19 99.6347 2090.82 21 99.5629 2291.08 23 99.6122
4 pr.load_n2.txt 1893.36 19 99.6505 2091.33 21 99.5871 2291.56 23 99.633
4 pr.load_src.txt 1416.82 19 74.5695 1417.09 21 67.4805 1645.27 22 74.785
5 pr.load_cli.txt 1163.13 19 61.2174 1493.23 24 62.2179 1408.82 23 61.253
5 pr.load_dst.txt 709.47 19 37.3405 748.39 24 31.1829 748.33 22 34.015
5 pr.load_n1.txt 1892.21 19 99.59 2389.2 24 99.55 2289.72 23 99.553
5 pr.load_n2.txt 1891.73 19 99.5647 2388.71 24 99.5296 2289.59 23 99.5474
5 pr.load_src.txt 703.38 19 37.02 729.9 24 30.4125 818.83 22 37.2195
6 pr.load_cli.txt 1161.3 19 61.1211 1305.22 21 62.1533 1408.34 23 61.2322
6 pr.load_dst.txt 1420.67 19 74.7721 1451.72 21 69.1295 1645.8 23 71.5565
6 pr.load_n1.txt 1888.21 19 99.3795 2084.09 21 99.2424 2384.07 24 99.3362
6 pr.load_n2.txt 1888.24 19 99.3811 2084.36 21 99.2552 2385.22 24 99.3842
6 pr.load_src.txt 988.93 20 49.4465 816.76 20 40.838 1136.29 23 49.4039
7 pr.load_cli.txt 1161.41 19 61.1268 1243.01 20 62.1505 1471.23 24 61.3012
7 pr.load_dst.txt 945.13 19 49.7437 848.69 20 42.4345 1068.56 23 46.4591
7 pr.load_n1.txt 1889.5 19 99.4474 1986.97 20 99.3485 2387.24 24 99.4683
7 pr.load_n2.txt 1889.6 19 99.4526 1986.88 20 99.344 2386.5 24 99.4375
7 pr.load_src.txt 1490.53 20 74.5265 1332.89 20 66.6445 1642.98 22 74.6809
8 pr.load_cli.txt 1161.2 19 61.1158 1490.73 24 62.1138 1406.98 23 61.173
8 pr.load_dst.txt 707.97 19 37.2616 744.26 24 31.0108 781.15 23 33.963
8 pr.load_n1.txt 1888.08 19 99.3726 2383.57 24 99.3154 2285.46 23 99.3678
8 pr.load_n2.txt 1887.84 19 99.36 2382.94 24 99.2892 2284.94 23 99.3452
8 pr.load_src.txt 701.99 19 36.9468 717.75 24 29.9063 818.83 22 37.2195
9 pr.load_cli.txt 1222.73 20 61.1365 1678.36 27 62.1615 1345.05 22 61.1386
9 pr.load_dst.txt 1495.83 20 74.7915 1851.36 27 68.5689 1573.69 22 71.5314
9 pr.load_n1.txt 1986.21 20 99.3105 2669.11 27 98.8559 2283.95 23 99.3022
9 pr.load_n2.txt 1985.46 20 99.273 2670.24 27 98.8978 2284.48 23 99.3252
9 pr.load_src.txt 988.69 20 49.4345 1098.82 27 40.697 1091.37 22 49.6077
10 pr.load_cli.txt 1159.46 19 61.0242 1802.19 29 62.1445 1345.53 22 61.1605
10 pr.load_dst.txt 944.86 19 49.7295 1207.54 29 41.6393 999.92 22 45.4509
10 pr.load_n1.txt 1884.97 19 99.2089 2867.85 29 98.8914 2281.94 23 99.2148
10 pr.load_n2.txt 1884.98 19 99.2095 2864.87 29 98.7886 2281.7 23 99.2043
10 pr.load_src.txt 1407.41 19 74.0742 1935.2 29 66.731 1635.15 22 74.325
11 pr.load_cli.txt 1222.31 20 61.1155 1986.69 32 62.0841 1406.46 23 61.1504
11 pr.load_dst.txt 744.31 20 37.2155 1000.55 32 31.2672 768.34 23 33.4061
11 pr.load_n1.txt 1983.09 20 99.1545 3162.55 32 98.8297 2280.84 23 99.167
11 pr.load_n2.txt 1982.83 20 99.1415 3162.27 32 98.8209 2279.84 23 99.1235
11 pr.load_src.txt 733.15 20 36.6575 889.1 31 28.6806 816.1 22 37.0955
12 pr.load_cli.txt 1158.98 19 60.9989 1364.97 22 62.0441 1405.76 23 61.12
12 pr.load_dst.txt 1418.33 19 74.6489 1511.99 22 68.7268 1644.44 23 71.4974
12 pr.load_n1.txt 1882.13 19 99.0595 2179.45 22 99.0659 2279.34 23 99.1017
12 pr.load_n2.txt 1882.7 19 99.0895 2178.33 22 99.015 2377.84 24 99.0767
12 pr.load_src.txt 936.18 19 49.2726 912.59 22 41.4814 1125.28 23 48.9252
13 pr.load_cli.txt 1221.62 20 61.081 1303.18 21 62.0562 1405.21 23 61.0961
13 pr.load_dst.txt 992.68 20 49.634 893.83 21 42.5633 1067.48 23 46.4122
13 pr.load_n1.txt 1980.6 20 99.03 2078.24 21 98.9638 2278.22 23 99.053
13 pr.load_n2.txt 1881.73 19 99.0384 2077.5 21 98.9286 2376 24 99
13 pr.load_src.txt 1487.71 20 74.3855 1393.9 21 66.3762 1618.67 22 73.5759
14 pr.load_cli.txt 1159.24 19 61.0126 1550.72 25 62.0288 1404.83 23 61.0796
14 pr.load_dst.txt 705.17 19 37.1142 776.95 25 31.078 775.09 23 33.6996
14 pr.load_n1.txt 1880.74 19 98.9863 2473.07 25 98.9228 2276.09 23 98.9604
14 pr.load_n2.txt 1879.61 19 98.9268 2473.35 25 98.934 2375.22 24 98.9675
14 pr.load_src.txt 699.02 19 36.7905 756.61 25 30.2644 851.62 23 37.027
15 pr.load_cli.txt 1224.88 20 61.244 1244.11 20 62.2055 1346.51 22 61.205
15 pr.load_dst.txt 1497.32 20 74.866 1370.65 20 68.5325 1581.9 22 71.9045
15 pr.load_n1.txt 1891.72 19 99.5642 1990.7 20 99.535 2389.07 24 99.5446
15 pr.load_n2.txt 1891.85 19 99.5711 1990.72 20 99.536 2389.72 24 99.5717
15 pr.load_src.txt 990 20 49.5 824.43 20 41.2215 1091.63 22 49.6195
16 pr.load_cli.txt 1220.54 20 61.027 1239.84 20 61.992 1403.27 23 61.0117
16 pr.load_dst.txt 991.77 20 49.5885 840.09 20 42.0045 1023.02 22 46.5009
16 pr.load_n1.txt 1976.19 20 98.8095 1975.1 20 98.755 2272.98 23 98.8252
16 pr.load_n2.txt 1975.85 20 98.7925 1974.25 20 98.7125 2273.55 23 98.85
16 pr.load_src.txt 1475.56 20 73.778 1331.73 20 66.5865 1638.12 22 74.46
17 pr.load_cli.txt 1220.33 20 61.0165 1487.89 24 61.9954 1404.29 23 61.0561
17 pr.load_dst.txt 741.31 20 37.0655 732.47 24 30.5196 778.06 23 33.8287
17 pr.load_n1.txt 1975.58 20 98.779 2368.93 24 98.7054 2272.1 23 98.787
17 pr.load_n2.txt 1975.48 20 98.774 2367.57 24 98.6487 2271.2 23 98.7478
17 pr.load_src.txt 735.33 20 36.7665 724.97 24 30.2071 850 23 36.9565
18 pr.load_cli.txt 1219.62 20 60.981 1424.77 23 61.9465 1402.61 23 60.983
18 pr.load_dst.txt 1491.37 20 74.5685 1576.79 23 68.5561 1572.38 22 71.4718
18 pr.load_n1.txt 1973.21 20 98.6605 2269.09 23 98.6561 2270.2 23 98.7043
18 pr.load_n2.txt 1973.35 20 98.6675 2266.22 23 98.5313 2269.34 23 98.667
18 pr.load_src.txt 983.05 20 49.1525 920.88 23 40.0383 1067.44 22 48.52
19 pr.load_cli.txt 1158.03 19 60.9489 1424.15 23 61.9196 1402.88 23 60.9948
19 pr.load_dst.txt 940.61 19 49.5058 982.05 23 42.6978 1064.56 23 46.2852
19 pr.load_n1.txt 1873.58 19 98.6095 2265.72 23 98.5096 2268.58 23 98.6339
19 pr.load_n2.txt 1874.19 19 98.6416 2265.71 23 98.5091 2268.36 23 98.6243
19 pr.load_src.txt 1396.45 19 73.4974 1533.29 23 66.6648 1634.78 22 74.3082
20 pr.load_cli.txt 1218.83 20 60.9415 1547.97 25 61.9188 1400.78 23 60.9035
20 pr.load_dst.txt 737.55 20 36.8775 762.73 25 30.5092 739.78 22 33.6264
20 pr.load_n1.txt 1971.73 20 98.5865 2462.79 25 98.5116 2266.57 23 98.5465
20 pr.load_n2.txt 1970.61 20 98.5305 2463.69 25 98.5476 2268.34 23 98.6235
20 pr.load_src.txt 723.81 20 36.1905 758.36 25 30.3344 808.2 22 36.7364
21 pr.load_cli.txt 1217.84 20 60.892 1796.03 29 61.9321 1340.6 22 60.9364
21 pr.load_dst.txt 1491.06 20 74.553 1957.81 29 67.5107 1561.39 22 70.9723
21 pr.load_n1.txt 1969.36 20 98.468 2844.14 29 98.0738 2165.81 22 98.4459
21 pr.load_n2.txt 1869.73 19 98.4068 2838.42 29 97.8766 2363.11 24 98.4629
21 pr.load_src.txt 968.94 20 48.447 1191.45 29 41.0845 1085.5 22 49.3409
22 pr.load_cli.txt 1218.04 20 60.902 1732.62 28 61.8793 1400.95 23 60.9109
22 pr.load_dst.txt 988.82 20 49.441 1166.94 28 41.6764 1043.17 23 45.3552
22 pr.load_n1.txt 1967.59 20 98.3795 2744.68 28 98.0243 2263.06 23 98.3939
22 pr.load_n2.txt 1967.33 20 98.3665 2743.88 28 97.9957 2264.43 23 98.4535
22 pr.load_src.txt 1468.16 20 73.408 1866.87 28 66.6739 1707.04 23 74.2191
23 pr.load_cli.txt 1217.37 20 60.8685 2104.05 34 61.8838 1400.5 23 60.8913
23 pr.load_dst.txt 738.69 20 36.9345 1042.61 34 30.665 762.04 23 33.1322
23 pr.load_n1.txt 1966.83 20 98.3415 3333.47 34 98.0432 2261.57 23 98.3291
23 pr.load_n2.txt 1963.96 20 98.198 3332.43 34 98.0126 2261.1 23 98.3087
23 pr.load_src.txt 719.93 20 35.9965 996.62 34 29.3124 810.05 22 36.8205
24 pr.load_cli.txt 1216.92 20 60.846 1422.11 23 61.8309 1338.25 22 60.8295
24 pr.load_dst.txt 1488.86 20 74.443 1569.1 23 68.2217 1570.13 22 71.3695
24 pr.load_n1.txt 1965.8 20 98.29 2259.18 23 98.2252 2161.31 22 98.2414
24 pr.load_n2.txt 1867.95 19 98.3132 2259.2 23 98.2261 2359.21 24 98.3004
24 pr.load_src.txt 981.07 20 49.0535 931.29 23 40.4909 1071.6 22 48.7091
25 pr.load_cli.txt 1161.46 19 61.1295 1305.91 21 62.1862 1409.21 23 61.27
25 pr.load_dst.txt 996.26 20 49.813 892.04 21 42.4781 1030.49 22 46.8405
25 pr.load_n1.txt 1890.37 19 99.4932 2088.85 21 99.469 2288.73 23 99.51
25 pr.load_n2.txt 1891.23 19 99.5384 2088.49 21 99.4519 2387.11 24 99.4629
25 pr.load_src.txt 1490.72 20 74.536 1417.98 21 67.5229 1639.43 22 74.5195
26 pr.load_cli.txt 1154.06 19 60.74 1668.3 27 61.7889 1398.59 23 60.8083
26 pr.load_dst.txt 737.43 20 36.8715 831.25 27 30.787 741.81 22 33.7186
26 pr.load_n1.txt 1864.82 19 98.1484 2648.69 27 98.0996 2256.31 23 98.1004
26 pr.load_n2.txt 1865.08 19 98.1621 2647.72 27 98.0637 2254.46 23 98.02
26 pr.load_src.txt 730.97 20 36.5485 815.17 27 30.1915 807.27 22 36.6941
27 pr.load_cli.txt 1215.93 20 60.7965 1420.51 23 61.7613 1337.34 22 60.7882
27 pr.load_dst.txt 1487.4 20 74.37 1565.08 23 68.047 1568.44 22 71.2927
27 pr.load_n1.txt 1960.69 20 98.0345 2255.46 23 98.0635 2158.68 22 98.1218
27 pr.load_n2.txt 1959.47 20 97.9735 2153.94 22 97.9064 2351.06 24 97.9608
27 pr.load_src.txt 979.36 20 48.968 944.41 23 41.0613 1080.23 22 49.1014
28 pr.load_cli.txt 1215.65 20 60.7825 1358.04 22 61.7291 1398.36 23 60.7983
28 pr.load_dst.txt 982.52 20 49.126 916.4 22 41.6545 1062.23 23 46.1839
28 pr.load_n1.txt 1961.43 20 98.0715 2155.58 22 97.9809 2252.8 23 97.9478
28 pr.load_n2.txt 1962.69 20 98.1345 2159.09 22 98.1405 2257.32 23 98.1443
28 pr.load_src.txt 1481.12 20 74.056 1482.63 22 67.3923 1636.3 22 74.3773
29 pr.load_cli.txt 1215.25 20 60.7625 1543.87 25 61.7548 1398.53 23 60.8057
29 pr.load_dst.txt 736.07 20 36.8035 761.67 25 30.4668 761.54 23 33.1104
29 pr.load_n1.txt 1958.32 20 97.916 2443.82 25 97.7528 2250.41 23 97.8439
29 pr.load_n2.txt 1963.21 20 98.1605 2451.42 25 98.0568 2255.96 23 98.0852
29 pr.load_src.txt 728.39 20 36.4195 752.83 25 30.1132 803.12 22 36.5055
30 pr.load_cli.txt 1152.72 19 60.6695 1481.4 24 61.725 1335.88 22 60.7218
30 pr.load_dst.txt 1411.79 19 74.3047 1654.79 24 68.9496 1568.76 22 71.3073
30 pr.load_n1.txt 1858.82 19 97.8326 2346.13 24 97.7554 2248.41 23 97.757
30 pr.load_n2.txt 1863.96 19 98.1032 2352.81 24 98.0337 2254.94 23 98.0409
30 pr.load_src.txt 928.87 19 48.8879 980.19 24 40.8412 1069.66 22 48.6209
31 pr.load_cli.txt 1152.73 19 60.67 1479.95 24 61.6646 1396.77 23 60.7291
31 pr.load_dst.txt 931.04 19 49.0021 1015.44 24 42.31 1052.29 23 45.7517
31 pr.load_n1.txt 1859.88 19 97.8884 2346.66 24 97.7775 2249.01 23 97.783
31 pr.load_n2.txt 1860.7 19 97.9316 2348.92 24 97.8717 2253.56 23 97.9809
31 pr.load_src.txt 1381.16 19 72.6926 1595.42 24 66.4758 1694.4 23 73.6696
32 pr.load_cli.txt 1151.7 19 60.6158 1726.55 28 61.6625 1396.8 23 60.7304
32 pr.load_dst.txt 732.4 20 36.62 855.82 28 30.565 736.51 22 33.4777
32 pr.load_n1.txt 1858.06 19 97.7926 2734.52 28 97.6614 2344.99 24 97.7079
32 pr.load_n2.txt 1859.7 19 97.8789 2737.28 28 97.76 2350.05 24 97.9187
32 pr.load_src.txt 711.02 20 35.551 832.86 28 29.745 805.71 22 36.6232
33 pr.load_cli.txt 1151.37 19 60.5984 1849.77 30 61.659 1395.85 23 60.6891
33 pr.load_dst.txt 1485.89 20 74.2945 2031.94 30 67.7313 1555.87 22 70.7214
33 pr.load_n1.txt 1856.19 19 97.6942 2921.02 30 97.3673 2247.67 23 97.7248
33 pr.load_n2.txt 1857.06 19 97.74 2916.79 30 97.2263 2343.66 24 97.6525
33 pr.load_src.txt 976.1 20 48.805 1221.16 30 40.7053 1079.41 22 49.0641
34 pr.load_cli.txt 1151.28 19 60.5937 1786.95 29 61.619 1396.36 23 60.7113
34 pr.load_dst.txt 933.74 19 49.1442 1196.7 29 41.2655 1040.53 23 45.2404
34 pr.load_n1.txt 1854.42 19 97.6011 2819.77 29 97.2334 2244.56 23 97.5896
34 pr.load_n2.txt 1855.95 19 97.6816 2828.37 29 97.53 2252.42 23 97.9313
34 pr.load_src.txt 1404.72 19 73.9326 1953.51 29 67.3624 1661.85 23 72.2543
35 pr.load_cli.txt 1149.76 19 60.5137 2217.59 36 61.5997 1395.19 23 60.6604
35 pr.load_dst.txt 732.77 20 36.6385 1091.15 36 30.3097 718.98 22 32.6809
35 pr.load_n1.txt 1857.58 19 97.7674 3510.51 36 97.5142 2244.31 23 97.5787
35 pr.load_n2.txt 1855.97 19 97.6826 3504.99 36 97.3608 2246.07 23 97.6552
35 pr.load_src.txt 726.85 20 36.3425 1051.85 36 29.2181 793.87 22 36.085
