0 pr.load_cli.txt 1547.62 28 55.2721 665.61 11 60.51 2033.32 33 61.6158
0 pr.load_dst.txt 2099.09 28 74.9675 735.68 11 66.88 2395.73 33 72.5979
0 pr.load_src.txt 1393.09 29 48.0376 528.02 11 48.0018 1548.55 31 49.9532
1 pr.load_cli.txt 1225.48 20 61.274 685.19 11 62.29 2032.46 33 61.5897
1 pr.load_dst.txt 999.04 20 49.952 433.58 11 39.4164 1525.27 32 47.6647
1 pr.load_src.txt 1447.1 20 72.355 808.84 11 73.5309 2396.75 32 74.8984
2 pr.load_cli.txt 1163.03 19 61.2121 810.24 13 62.3262 2035.93 33 61.6948
2 pr.load_dst.txt 710.91 19 37.4163 374.39 13 28.7992 1181.39 33 35.7997
2 pr.load_src.txt 650.65 19 34.2447 466.46 13 35.8815 1232.44 33 37.3467
3 pr.load_cli.txt 1224.48 20 61.224 622.7 10 62.27 1972.7 32 61.6469
3 pr.load_dst.txt 1498.22 20 74.911 653.47 10 65.347 2354.34 32 73.5731
3 pr.load_src.txt 941.88 20 47.094 477.64 10 47.764 1594.8 32 49.8375
4 pr.load_cli.txt 1227.19 20 61.3595 748.57 12 62.3808 1972.91 32 61.6534
4 pr.load_dst.txt 997.6 20 49.88 479.5 12 39.9583 1546.51 32 48.3284
4 pr.load_src.txt 1466.73 20 73.3365 882.88 12 73.5733 2374.84 32 74.2138
5 pr.load_cli.txt 1226.69 20 61.3345 748.24 12 62.3533 2028.59 33 61.4724
5 pr.load_dst.txt 747.31 20 37.3655 335.73 12 27.9775 1119.91 32 34.9972
5 pr.load_src.txt 713.08 20 35.654 427.97 12 35.6642 1173.72 32 36.6787
6 pr.load_cli.txt 1164.72 19 61.3011 685.77 11 62.3427 1968.15 32 61.5047
6 pr.load_dst.txt 1422.33 19 74.8595 731.63 11 66.5118 2326.12 32 72.6913
6 pr.load_src.txt 914.75 19 48.1447 521.84 11 47.44 1570.98 32 49.0931
7 pr.load_cli.txt 1226.78 20 61.339 747.76 12 62.3133 1965.94 32 61.4356
7 pr.load_dst.txt 996.24 20 49.812 476.84 12 39.7367 1521.02 32 47.5319
7 pr.load_src.txt 1465.07 20 73.2535 878.23 12 73.1858 2373.74 32 74.1794
8 pr.load_cli.txt 1163.7 19 61.2474 809.85 13 62.2962 2033.54 33 61.6224
8 pr.load_dst.txt 708.63 19 37.2963 375.8 13 28.9077 1175.35 33 35.6167
8 pr.load_src.txt 673.01 19 35.4216 459.32 13 35.3323 1193.16 32 37.2863
9 pr.load_cli.txt 1163.49 19 61.2363 934.12 15 62.2747 1965.11 32 61.4097
9 pr.load_dst.txt 1421.46 19 74.8137 1011.65 15 67.4433 2262.09 32 70.6903
9 pr.load_src.txt 906.72 19 47.7221 672.06 15 44.804 1590.53 32 49.7041
10 pr.load_cli.txt 1224.61 20 61.2305 996.19 16 62.2619 2026.11 33 61.3973
10 pr.load_dst.txt 994.69 20 49.7345 652.62 16 40.7888 1411.61 32 44.1128
10 pr.load_src.txt 1464.55 20 73.2275 1128.97 16 70.5606 2392.2 32 74.7563
11 pr.load_cli.txt 1160.81 19 61.0953 1120.28 18 62.2378 2025.15 33 61.3682
11 pr.load_dst.txt 744.26 20 37.213 528.73 18 29.3739 1034.5 32 32.3281
11 pr.load_src.txt 708.9 20 35.445 598.88 18 33.2711 1189.48 32 37.1712
12 pr.load_cli.txt 1159.89 19 61.0468 683.23 11 62.1118 2024.53 33 61.3494
12 pr.load_dst.txt 1419.64 19 74.7179 725.29 11 65.9355 2386.08 33 72.3055
12 pr.load_src.txt 886.46 19 46.6558 526.85 11 47.8955 1637.05 33 49.6076
13 pr.load_cli.txt 1221.49 20 61.0745 745.15 12 62.0958 1962.93 32 61.3416
13 pr.load_dst.txt 992.78 20 49.639 477.05 12 39.7542 1517.87 32 47.4334
13 pr.load_src.txt 1441.91 20 72.0955 880.11 12 73.3425 2316.09 31 74.7126
14 pr.load_cli.txt 1159.74 19 61.0389 806.41 13 62.0315 2022.88 33 61.2994
14 pr.load_dst.txt 705.83 19 37.1489 371.55 13 28.5808 1117.72 32 34.9288
14 pr.load_src.txt 648.91 19 34.1532 462.7 13 35.5923 1187.07 32 37.0959
15 pr.load_cli.txt 1220.71 20 61.0355 620.72 10 62.072 1960.64 32 61.27
15 pr.load_dst.txt 1493.33 20 74.6665 655.04 10 65.504 2308.57 32 72.1428
15 pr.load_src.txt 935.39 20 46.7695 475.07 10 47.507 1585.59 32 49.5497
16 pr.load_cli.txt 1158.12 19 60.9537 805.75 13 61.9808 2022.11 33 61.2761
16 pr.load_dst.txt 942.09 19 49.5837 518.92 13 39.9169 1546.26 33 46.8564
16 pr.load_src.txt 1366.13 19 71.9016 953.8 13 73.3692 2388.8 32 74.65
17 pr.load_cli.txt 1157.55 19 60.9237 805.48 13 61.96 2083.05 34 61.2662
17 pr.load_dst.txt 704.38 19 37.0726 364.4 13 28.0308 1133.25 33 34.3409
17 pr.load_src.txt 682.02 20 34.101 461.01 13 35.4623 1184.88 32 37.0275
18 pr.load_cli.txt 1219.48 20 60.974 681.84 11 61.9855 1959.95 32 61.2484
18 pr.load_dst.txt 1491.77 20 74.5885 720.46 11 65.4964 2321.06 32 72.5331
18 pr.load_src.txt 934.88 20 46.744 517.59 11 47.0536 1535.58 31 49.5348
19 pr.load_cli.txt 1156.52 19 60.8695 743.85 12 61.9875 2020.58 33 61.2297
19 pr.load_dst.txt 940.81 19 49.5163 482.12 12 40.1767 1555.89 33 47.1482
19 pr.load_src.txt 1364.72 19 71.8274 873.68 12 72.8067 2459.59 33 74.533
20 pr.load_cli.txt 1156.29 19 60.8574 866.97 14 61.9264 2021.15 33 61.247
20 pr.load_dst.txt 703.15 19 37.0079 404.18 14 28.87 1106.18 32 34.5681
20 pr.load_src.txt 644.53 19 33.9226 490.27 14 35.0193 1183.2 32 36.975
21 pr.load_cli.txt 1156.64 19 60.8758 1114.93 18 61.9406 1958.17 32 61.1928
21 pr.load_dst.txt 1416.31 19 74.5426 1221.51 18 67.8617 2264.49 32 70.7653
21 pr.load_src.txt 885.95 19 46.6289 791.25 18 43.9583 1581.72 32 49.4288
22 pr.load_cli.txt 1217.21 20 60.8605 1052.32 17 61.9012 2017.98 33 61.1509
22 pr.load_dst.txt 989.51 20 49.4755 699.13 17 41.1253 1491.94 32 46.6231
22 pr.load_src.txt 1436.75 20 71.8375 1188.81 17 69.93 2382.32 32 74.4475
23 pr.load_cli.txt 1155.57 19 60.8195 1237.48 20 61.874 2017.38 33 61.1327
23 pr.load_dst.txt 738.85 20 36.9425 598.41 20 29.9205 1076.93 32 33.6541
23 pr.load_src.txt 682.2 20 34.11 643.94 20 32.197 1180.67 32 36.8959
24 pr.load_cli.txt 1154.51 19 60.7637 803.52 13 61.8092 1955.1 32 61.0969
24 pr.load_dst.txt 1414.22 19 74.4326 855.5 13 65.8077 2286.82 32 71.4631
24 pr.load_src.txt 884.5 19 46.5526 621.98 13 47.8446 1578.67 32 49.3334
25 pr.load_cli.txt 1215.31 20 60.7655 804.17 13 61.8592 1954.44 32 61.0762
25 pr.load_dst.txt 987.72 20 49.386 518.68 13 39.8985 1505.44 32 47.045
25 pr.load_src.txt 1437.64 20 71.882 952.23 13 73.2485 2381.36 32 74.4175
26 pr.load_cli.txt 1153.74 19 60.7232 865.32 14 61.8086 2015.76 33 61.0836
26 pr.load_dst.txt 701.08 19 36.8989 404.49 14 28.8921 1141.83 33 34.6009
26 pr.load_src.txt 680.74 20 34.037 495.5 14 35.3929 1142.77 31 36.8635
27 pr.load_cli.txt 1154.01 19 60.7374 741.29 12 61.7742 2015.47 33 61.0748
27 pr.load_dst.txt 1413.92 19 74.4168 789 12 65.75 2376.07 33 72.0021
27 pr.load_src.txt 932.29 20 46.6145 570.8 12 47.5667 1576.77 32 49.2741
28 pr.load_cli.txt 1214.87 20 60.7435 803.64 13 61.8185 1953.37 32 61.0428
28 pr.load_dst.txt 986.11 20 49.3055 517.95 13 39.8423 1488.52 32 46.5163
28 pr.load_src.txt 1434.77 20 71.7385 950.51 13 73.1162 2379.71 32 74.3659
29 pr.load_cli.txt 1153.23 19 60.6963 803.23 13 61.7869 2013.82 33 61.0248
29 pr.load_dst.txt 699.71 19 36.8268 372.2 13 28.6308 1137.34 33 34.4648
29 pr.load_src.txt 643.99 19 33.8942 457.84 13 35.2185 1212.51 33 36.7427
30 pr.load_cli.txt 1152.56 19 60.6611 740.63 12 61.7192 1949.52 32 60.9225
30 pr.load_dst.txt 1412.51 19 74.3426 796.56 12 66.38 2306.96 32 72.0925
30 pr.load_src.txt 880.06 19 46.3189 562.97 12 46.9142 1574.73 32 49.2103
31 pr.load_cli.txt 1151.74 19 60.6179 863.53 14 61.6807 2011.55 33 60.9561
31 pr.load_dst.txt 935.49 19 49.2363 566.42 14 40.4586 1478.37 32 46.1991
31 pr.load_src.txt 1359.14 19 71.5337 1016.97 14 72.6407 2377.15 32 74.2859
32 pr.load_cli.txt 1152.37 19 60.6511 924.95 15 61.6633 2011.45 33 60.953
32 pr.load_dst.txt 697.26 19 36.6979 429.77 15 28.6513 1122.3 33 34.0091
32 pr.load_src.txt 641.78 19 33.7779 522.3 15 34.82 1209.48 33 36.6509
33 pr.load_cli.txt 1151.31 19 60.5953 1172.05 19 61.6868 2010.2 33 60.9152
33 pr.load_dst.txt 1409.85 19 74.2026 1292.35 19 68.0184 2355.97 33 71.393
33 pr.load_src.txt 880.96 19 46.3663 808.37 19 42.5458 1573.75 32 49.1797
34 pr.load_cli.txt 1150.52 19 60.5537 1232.14 20 61.607 1948.09 32 60.8778
34 pr.load_dst.txt 934.06 19 49.1611 823.72 20 41.186 1414.97 32 44.2178
34 pr.load_src.txt 1357.27 19 71.4353 1406.91 20 70.3455 2373.14 32 74.1606
35 pr.load_cli.txt 1212.81 20 60.6405 1293.95 21 61.6167 2009.06 33 60.8806
35 pr.load_dst.txt 733.12 20 36.656 620.82 21 29.5629 1058.58 32 33.0806
35 pr.load_src.txt 677.85 20 33.8925 678.29 21 32.2995 1172.57 32 36.6428
