0 pr.load_cli.txt 1422.88 26 54.7262 309.92 5 61.984 2024.67 33 61.3536
0 pr.load_dst.txt 2024.04 27 74.9644 306.06 5 61.212 2331.29 32 72.8528
0 pr.load_src.txt 1287.99 27 47.7033 247.89 5 49.578 1596.86 32 49.9019
1 pr.load_cli.txt 1163.59 19 61.2416 436.29 7 62.3271 1971.33 32 61.6041
1 pr.load_dst.txt 948.79 19 49.9363 260.72 7 37.2457 1533.5 32 47.9219
1 pr.load_src.txt 1372.83 19 72.2542 523.48 7 74.7829 2396.71 32 74.8972
2 pr.load_cli.txt 1225.4 20 61.27 373.97 6 62.3283 1974.72 32 61.71
2 pr.load_dst.txt 748.47 20 37.4235 140.29 6 23.3817 1151.97 32 35.9991
2 pr.load_src.txt 689.05 20 34.4525 222.97 6 37.1617 1195.75 32 37.3672
3 pr.load_cli.txt 1162.68 19 61.1937 311.35 5 62.27 1972.81 32 61.6503
3 pr.load_dst.txt 1498.33 20 74.9165 299.41 5 59.882 2265.46 31 73.0794
3 pr.load_src.txt 937.9 20 46.895 247.62 5 49.524 1545.16 31 49.8439
4 pr.load_cli.txt 1164.67 19 61.2984 374.41 6 62.4017 2035.21 33 61.673
4 pr.load_dst.txt 947.61 19 49.8742 223.88 6 37.3133 1589.65 33 48.1712
4 pr.load_src.txt 1391.74 19 73.2495 448.32 6 74.72 2375.76 32 74.2425
5 pr.load_cli.txt 1163.52 19 61.2379 436.59 7 62.37 1971.65 32 61.6141
5 pr.load_dst.txt 709.86 19 37.3611 176.99 7 25.2843 1148.6 32 35.8937
5 pr.load_src.txt 675.48 19 35.5516 260.19 7 37.17 1194.05 32 37.3141
6 pr.load_cli.txt 1163.42 19 61.2326 311.72 5 62.344 1970.19 32 61.5684
6 pr.load_dst.txt 1497.43 20 74.8715 296.77 5 59.354 2264.85 31 73.0597
6 pr.load_src.txt 964.25 20 48.2125 247.56 5 49.512 1543.39 31 49.7868
7 pr.load_cli.txt 1162.97 19 61.2089 436.21 7 62.3157 1969.89 32 61.5591
7 pr.load_dst.txt 946.32 19 49.8063 258.06 7 36.8657 1545.57 32 48.2991
7 pr.load_src.txt 1389.18 19 73.1147 522.88 7 74.6971 2393.3 32 74.7906
8 pr.load_cli.txt 1163.67 19 61.2458 436.3 7 62.3286 1969.98 32 61.5619
8 pr.load_dst.txt 708.52 19 37.2905 176.88 7 25.2686 1142.02 32 35.6881
8 pr.load_src.txt 672.72 19 35.4063 259.75 7 37.1071 1191.31 32 37.2284
9 pr.load_cli.txt 1225.64 20 61.282 373.49 6 62.2483 1965.75 32 61.4297
9 pr.load_dst.txt 1495.92 20 74.796 346.8 6 57.8 2246.9 31 72.4806
9 pr.load_src.txt 961.78 20 48.089 293.8 6 48.9667 1541.99 31 49.7416
10 pr.load_cli.txt 1162.82 19 61.2011 498.09 8 62.2612 2031.3 33 61.5545
10 pr.load_dst.txt 945.05 19 49.7395 287.68 8 35.96 1525.41 32 47.6691
10 pr.load_src.txt 1388.15 19 73.0605 597.25 8 74.6562 2391.96 32 74.7488
11 pr.load_cli.txt 1162.04 19 61.16 560.15 9 62.2389 1968.51 32 61.5159
11 pr.load_dst.txt 707.25 19 37.2237 217.05 9 24.1167 1121.96 32 35.0613
11 pr.load_src.txt 672.3 19 35.3842 333.56 9 37.0622 1189.07 32 37.1584
12 pr.load_cli.txt 1160.32 19 61.0695 310.45 5 62.09 2025.6 33 61.3818
12 pr.load_dst.txt 1419.42 19 74.7063 313.32 5 62.664 2375.22 33 71.9764
12 pr.load_src.txt 889.97 19 46.8405 246.68 5 49.336 1637.62 33 49.6248
13 pr.load_cli.txt 1158.4 19 60.9684 434.74 7 62.1057 1962.37 32 61.3241
13 pr.load_dst.txt 943.05 19 49.6342 258.64 7 36.9486 1519.22 32 47.4756
13 pr.load_src.txt 1443.05 20 72.1525 521.66 7 74.5229 2314.59 31 74.6642
14 pr.load_cli.txt 1158.55 19 60.9763 434.44 7 62.0629 2025.19 33 61.3694
14 pr.load_dst.txt 705.97 19 37.1563 175.18 7 25.0257 1141.92 33 34.6036
14 pr.load_src.txt 647.95 19 34.1026 258.15 7 36.8786 1188.37 32 37.1366
15 pr.load_cli.txt 1158.37 19 60.9668 372.44 6 62.0733 1961.32 32 61.2912
15 pr.load_dst.txt 1417.69 19 74.6153 370.25 6 61.7083 2316.37 32 72.3866
15 pr.load_src.txt 888.01 19 46.7374 295.74 6 49.29 1585.79 32 49.5559
16 pr.load_cli.txt 1221.17 20 61.0585 372.15 6 62.025 1960.47 32 61.2647
16 pr.load_dst.txt 991.73 20 49.5865 208.82 6 34.8033 1506.57 32 47.0803
16 pr.load_src.txt 1441.42 20 72.071 446.64 6 74.44 2387.32 32 74.6037
17 pr.load_cli.txt 1157.41 19 60.9163 433.66 7 61.9514 2021.71 33 61.2639
17 pr.load_dst.txt 703.8 19 37.0421 176.57 7 25.2243 1139.5 33 34.5303
17 pr.load_src.txt 647.85 19 34.0974 257.72 7 36.8171 1220.85 33 36.9955
18 pr.load_cli.txt 1157.16 19 60.9032 371.99 6 61.9983 1960.43 32 61.2634
18 pr.load_dst.txt 1417.67 19 74.6142 370.54 6 61.7567 2308.68 32 72.1462
18 pr.load_src.txt 888.05 19 46.7395 295.38 6 49.23 1583.71 32 49.4909
19 pr.load_cli.txt 1218.37 20 60.9185 433.68 7 61.9543 1958.43 32 61.2009
19 pr.load_dst.txt 988.35 20 49.4175 246.45 7 35.2071 1463.29 31 47.2029
19 pr.load_src.txt 1439.76 20 71.988 520.95 7 74.4214 2311.43 31 74.5623
20 pr.load_cli.txt 1156.31 19 60.8584 495.72 8 61.965 1958.67 32 61.2084
20 pr.load_dst.txt 703.52 19 37.0274 200.35 8 25.0437 1113.99 32 34.8122
20 pr.load_src.txt 646.7 19 34.0368 294.02 8 36.7525 1147.28 31 37.009
21 pr.load_cli.txt 1156.27 19 60.8563 433.77 7 61.9671 1958.58 32 61.2056
21 pr.load_dst.txt 1416.02 19 74.5274 422.68 7 60.3829 2310 32 72.1875
21 pr.load_src.txt 886 19 46.6316 344.19 7 49.17 1581.11 32 49.4097
22 pr.load_cli.txt 1156.41 19 60.8637 495.34 8 61.9175 2018.5 33 61.1667
22 pr.load_dst.txt 988.97 20 49.4485 271.37 8 33.9213 1473.95 32 46.0609
22 pr.load_src.txt 1438.69 20 71.9345 594.49 8 74.3113 2383.82 32 74.4944
23 pr.load_cli.txt 1155.06 19 60.7926 557.29 9 61.9211 2018.62 33 61.1703
23 pr.load_dst.txt 701.84 19 36.9389 218.17 9 24.2411 1124.32 33 34.0703
23 pr.load_src.txt 647.63 19 34.0858 330.41 9 36.7122 1216.83 33 36.8736
24 pr.load_cli.txt 1155.25 19 60.8026 371.13 6 61.855 1955.73 32 61.1166
24 pr.load_dst.txt 1414.37 19 74.4405 370.99 6 61.8317 2311 32 72.2188
24 pr.load_src.txt 883.1 19 46.4789 294.5 6 49.0833 1578.97 32 49.3428
25 pr.load_cli.txt 1154.69 19 60.7732 370.75 6 61.7917 2016.23 33 61.0979
25 pr.load_dst.txt 937.72 19 49.3537 223.03 6 37.1717 1544.23 33 46.7948
25 pr.load_src.txt 1362.97 19 71.7353 445.63 6 74.2717 2456.12 33 74.4279
26 pr.load_cli.txt 1215.39 20 60.7695 370.8 6 61.8 1954.76 32 61.0863
26 pr.load_dst.txt 737.83 20 36.8915 139.56 6 23.26 1107.86 32 34.6206
26 pr.load_src.txt 680.7 20 34.035 219.51 6 36.585 1177.63 32 36.8009
27 pr.load_cli.txt 1154.43 19 60.7595 308.98 5 61.796 2016.14 33 61.0952
27 pr.load_dst.txt 1414.81 19 74.4637 315.43 5 63.086 2306.57 32 72.0803
27 pr.load_src.txt 884.09 19 46.5311 244.87 5 48.974 1577.3 32 49.2906
28 pr.load_cli.txt 1215.17 20 60.7585 370.54 6 61.7567 1952.84 32 61.0263
28 pr.load_dst.txt 986.57 20 49.3285 210.17 6 35.0283 1512.73 32 47.2728
28 pr.load_src.txt 1436.11 20 71.8055 445.31 6 74.2183 2379.91 32 74.3722
29 pr.load_cli.txt 1153.39 19 60.7047 432.6 7 61.8 1952.62 32 61.0194
29 pr.load_dst.txt 699.42 19 36.8116 173.78 7 24.8257 1101.58 32 34.4244
29 pr.load_src.txt 643.75 19 33.8816 255.5 7 36.5 1175.89 32 36.7466
30 pr.load_cli.txt 1153.18 19 60.6937 370.68 6 61.78 1950.18 32 60.9431
30 pr.load_dst.txt 1411.97 19 74.3142 369.09 6 61.515 2311.21 32 72.2253
30 pr.load_src.txt 880.01 19 46.3163 293.82 6 48.97 1574.42 32 49.2006
31 pr.load_cli.txt 1152.21 19 60.6426 431.65 7 61.6643 1950.71 32 60.9597
31 pr.load_dst.txt 935.61 19 49.2426 257.77 7 36.8243 1498.68 32 46.8337
31 pr.load_src.txt 1361 19 71.6316 519.1 7 74.1571 2378.11 32 74.3159
32 pr.load_cli.txt 1213.92 20 60.696 431.75 7 61.6786 1950.06 32 60.9394
32 pr.load_dst.txt 735.09 20 36.7545 165.37 7 23.6243 1073.97 31 34.6442
32 pr.load_src.txt 679.87 20 33.9935 255 7 36.4286 1137.37 31 36.6894
33 pr.load_cli.txt 1151.73 19 60.6174 431.85 7 61.6929 1949.15 32 60.9109
33 pr.load_dst.txt 1411.92 19 74.3116 423.96 7 60.5657 2303.34 32 71.9794
33 pr.load_src.txt 880.32 19 46.3326 342.49 7 48.9271 1572.05 32 49.1266
34 pr.load_cli.txt 1151.43 19 60.6016 555.04 9 61.6711 1949.27 32 60.9147
34 pr.load_dst.txt 934.74 19 49.1968 320.65 9 35.6278 1490.46 32 46.5769
34 pr.load_src.txt 1358.62 19 71.5063 667.11 9 74.1233 2376.41 32 74.2628
35 pr.load_cli.txt 1150.59 19 60.5574 555 9 61.6667 1947.95 32 60.8734
35 pr.load_dst.txt 697.13 19 36.6911 215.56 9 23.9511 1102.87 32 34.4647
35 pr.load_src.txt 640.61 19 33.7163 327.87 9 36.43 1171.24 32 36.6012
