0 pr.load_cli.txt 1549.66 28 55.345 498.77 8 62.3462 2022.34 33 61.283
0 pr.load_dst.txt 2098.65 28 74.9518 508.39 8 63.5487 2330.48 32 72.8275
0 pr.load_n1.txt 2793.8 28 99.7786 798.49 8 99.8113 3296.94 33 99.9073
0 pr.load_n2.txt 2792.91 28 99.7468 798.25 8 99.7812 3297.04 33 99.9103
0 pr.load_src.txt 1391.96 28 49.7129 380.76 8 47.595 1597.49 32 49.9216
1 pr.load_cli.txt 1163.73 19 61.2489 685.29 11 62.2991 2031.33 33 61.5555
1 pr.load_dst.txt 948.41 19 49.9163 436.16 11 39.6509 1570.34 33 47.5861
1 pr.load_n1.txt 1896.99 19 99.8416 1097.24 11 99.7491 3295.32 33 99.8582
1 pr.load_n2.txt 1896.62 19 99.8221 1097.37 11 99.7609 3294.47 33 99.8324
1 pr.load_src.txt 1492.85 20 74.6425 808.92 11 73.5382 2323.23 31 74.9429
2 pr.load_cli.txt 1163.55 19 61.2395 685.74 11 62.34 2031.89 33 61.5724
2 pr.load_dst.txt 710.57 19 37.3984 304.99 11 27.7264 1150.55 33 34.8652
2 pr.load_n1.txt 1895.58 19 99.7674 1096.36 11 99.6691 3293.19 33 99.7936
2 pr.load_n2.txt 1895.36 19 99.7558 1096.38 11 99.6709 3293.07 33 99.79
2 pr.load_src.txt 741.85 20 37.0925 392.31 11 35.6645 1195.55 32 37.3609
3 pr.load_cli.txt 1225.1 20 61.255 498.15 8 62.2688 2031.04 33 61.5467
3 pr.load_dst.txt 1498.04 20 74.902 508.53 8 63.5662 2327.39 32 72.7309
3 pr.load_n1.txt 1994.59 20 99.7295 796.37 8 99.5463 3291.09 33 99.73
3 pr.load_n2.txt 1993.86 20 99.693 796.63 8 99.5787 3290.7 33 99.7182
3 pr.load_src.txt 990.71 20 49.5355 379.4 8 47.425 1596.22 32 49.8819
4 pr.load_cli.txt 1162.78 19 61.1989 685.19 11 62.29 2030.43 33 61.5282
4 pr.load_dst.txt 947.2 19 49.8526 436.5 11 39.6818 1573.3 33 47.6758
4 pr.load_n1.txt 1893.32 19 99.6484 1095.1 11 99.5545 3288.41 33 99.6488
4 pr.load_n2.txt 1893.46 19 99.6558 1094.23 11 99.4755 3288.55 33 99.653
4 pr.load_src.txt 1491.43 20 74.5715 807.95 11 73.45 2321.56 31 74.889
5 pr.load_cli.txt 1161.86 19 61.1505 746.94 12 62.245 2030.12 33 61.5188
5 pr.load_dst.txt 709.46 19 37.34 336.67 12 28.0558 1121.26 32 35.0394
5 pr.load_n1.txt 1891.22 19 99.5379 1194.35 12 99.5292 3285.19 33 99.5512
5 pr.load_n2.txt 1891.24 19 99.5389 1193.5 12 99.4583 3285.65 33 99.5652
5 pr.load_src.txt 703.36 19 37.0189 428.54 12 35.7117 1193.33 32 37.2916
6 pr.load_cli.txt 1162.77 19 61.1984 621.79 10 62.179 2029.11 33 61.4882
6 pr.load_dst.txt 1421.98 19 74.8411 653.58 10 65.358 2400.14 33 72.7315
6 pr.load_n1.txt 1890.48 19 99.4989 992.98 10 99.298 3283.85 33 99.5106
6 pr.load_n2.txt 1890.84 19 99.5179 992.24 10 99.224 3284.46 33 99.5291
6 pr.load_src.txt 939.51 19 49.4479 469.39 10 46.939 1594.08 32 49.815
7 pr.load_cli.txt 1224.22 20 61.211 621.63 10 62.163 2029.42 33 61.4976
7 pr.load_dst.txt 995.53 20 49.7765 383.14 10 38.314 1566.43 33 47.4676
7 pr.load_n1.txt 1988.89 20 99.4445 991.73 10 99.173 3282.11 33 99.4579
7 pr.load_n2.txt 1989.23 20 99.4615 992 10 99.2 3282.36 33 99.4655
7 pr.load_src.txt 1490.33 20 74.5165 726.82 10 72.682 2468.13 33 74.7918
8 pr.load_cli.txt 1161.96 19 61.1558 745.4 12 62.1167 2027.89 33 61.4512
8 pr.load_dst.txt 707.3 19 37.2263 334.2 12 27.85 1150.31 33 34.8579
8 pr.load_n1.txt 1887.62 19 99.3484 1190.1 12 99.175 3278.36 33 99.3442
8 pr.load_n2.txt 1888.12 19 99.3747 1190.48 12 99.2067 3279.21 33 99.37
8 pr.load_src.txt 701.21 19 36.9058 420.68 12 35.0567 1192.95 32 37.2797
9 pr.load_cli.txt 1160.61 19 61.0847 994.71 16 62.1694 2089.43 34 61.4538
9 pr.load_dst.txt 1420.75 19 74.7763 1069.89 16 66.8681 2380.24 33 72.1285
9 pr.load_n1.txt 1885.87 19 99.2563 1574.28 16 98.3925 3376.55 34 99.3103
9 pr.load_n2.txt 1885.75 19 99.25 1573.09 16 98.3181 3376.83 34 99.3185
9 pr.load_src.txt 988.9 20 49.445 692.15 16 43.2594 1590.63 32 49.7072
10 pr.load_cli.txt 1161.04 19 61.1074 994.35 16 62.1469 2088.34 34 61.4218
10 pr.load_dst.txt 945.05 19 49.7395 641.56 16 40.0975 1550.47 33 46.9839
10 pr.load_n1.txt 1885.71 19 99.2479 1576.14 16 98.5087 3373.3 34 99.2147
10 pr.load_n2.txt 1882.69 19 99.0889 1576.53 16 98.5331 3373.47 34 99.2197
10 pr.load_src.txt 1414.22 19 74.4326 1117.5 16 69.8438 2465.61 33 74.7155
11 pr.load_cli.txt 1222.39 20 61.1195 1242.07 20 62.1035 1963.51 32 61.3597
11 pr.load_dst.txt 744.09 20 37.2045 567.8 20 28.39 1096.72 32 34.2725
11 pr.load_n1.txt 1982.85 20 99.1425 1970.23 20 98.5115 3271.82 33 99.1461
11 pr.load_n2.txt 1983.23 20 99.1615 1969.03 20 98.4515 3272.59 33 99.1694
11 pr.load_src.txt 737.84 20 36.892 652.46 20 32.623 1188.92 32 37.1537
12 pr.load_cli.txt 1221.77 20 61.0885 496.8 8 62.1 2024.55 33 61.35
12 pr.load_dst.txt 1493.9 20 74.695 507.89 8 63.4862 2393.61 33 72.5336
12 pr.load_n1.txt 1981.6 20 99.08 791.48 8 98.935 3269.31 33 99.07
12 pr.load_n2.txt 1980.99 20 99.0495 791.74 8 98.9675 3270.8 33 99.1152
12 pr.load_src.txt 986.85 20 49.3425 378.34 8 47.2925 1589.85 32 49.6828
13 pr.load_cli.txt 1159.57 19 61.03 682.78 11 62.0709 2024.66 33 61.3533
13 pr.load_dst.txt 943.25 19 49.6447 431.8 11 39.2545 1513.85 32 47.3078
13 pr.load_n1.txt 1880.5 19 98.9737 1088.48 11 98.9527 3268.32 33 99.04
13 pr.load_n2.txt 1882.61 19 99.0847 1088.37 11 98.9427 3268.45 33 99.0439
13 pr.load_src.txt 1413.02 19 74.3695 806.29 11 73.2991 2390.32 32 74.6975
14 pr.load_cli.txt 1158.15 19 60.9553 682.4 11 62.0364 2085.27 34 61.3315
14 pr.load_dst.txt 705.31 19 37.1216 301.21 11 27.3827 1143.79 33 34.6603
14 pr.load_n1.txt 1880.74 19 98.9863 1087.48 11 98.8618 3364.11 34 98.9444
14 pr.load_n2.txt 1880.52 19 98.9747 1087.87 11 98.8973 3365.6 34 98.9882
14 pr.load_src.txt 736.44 20 36.822 389.45 11 35.4045 1186.54 32 37.0794
15 pr.load_cli.txt 1159.62 19 61.0326 620.31 10 62.031 2023.44 33 61.3164
15 pr.load_dst.txt 1418.06 19 74.6347 647.34 10 64.734 2380.47 33 72.1355
15 pr.load_n1.txt 1879.45 19 98.9184 987.86 10 98.786 3263.6 33 98.897
15 pr.load_n2.txt 1878.27 19 98.8563 987.62 10 98.762 3360.6 34 98.8412
15 pr.load_src.txt 935.78 19 49.2516 476.55 10 47.655 1635.37 33 49.5567
16 pr.load_cli.txt 1158.57 19 60.9774 682.32 11 62.0291 1960.55 32 61.2672
16 pr.load_dst.txt 942.01 19 49.5795 432.91 11 39.3555 1514.52 32 47.3287
16 pr.load_n1.txt 1878.72 19 98.88 1086.22 11 98.7473 3262.44 33 98.8618
16 pr.load_n2.txt 1878.12 19 98.8484 1086.6 11 98.7818 3262.24 33 98.8558
16 pr.load_src.txt 1411.7 19 74.3 804.8 11 73.1636 2387.31 32 74.6034
17 pr.load_cli.txt 1220.17 20 61.0085 681.58 11 61.9618 2021.85 33 61.2682
17 pr.load_dst.txt 740.75 20 37.0375 292.67 11 26.6064 1099.32 32 34.3537
17 pr.load_n1.txt 1975.98 20 98.799 1084.98 11 98.6345 3260.41 33 98.8003
17 pr.load_n2.txt 1874.97 19 98.6826 1084.49 11 98.59 3356.8 34 98.7294
17 pr.load_src.txt 735 20 36.75 387.39 11 35.2173 1183.88 32 36.9963
18 pr.load_cli.txt 1219.42 20 60.971 619.86 10 61.986 2021.83 33 61.2676
18 pr.load_dst.txt 1486.1 20 74.305 639.13 10 63.913 2370.85 33 71.8439
18 pr.load_n1.txt 1973.32 20 98.666 985.47 10 98.547 3257.92 33 98.7248
18 pr.load_n2.txt 1874.97 19 98.6826 984.99 10 98.499 3353.23 34 98.6244
18 pr.load_src.txt 984.41 20 49.2205 466.1 10 46.61 1585.03 32 49.5322
19 pr.load_cli.txt 1156.5 19 60.8684 681.26 11 61.9327 2019.79 33 61.2058
19 pr.load_dst.txt 940.61 19 49.5058 431.73 11 39.2482 1554.1 33 47.0939
19 pr.load_n1.txt 1873.21 19 98.59 1082.96 11 98.4509 3255.69 33 98.6573
19 pr.load_n2.txt 1875.96 19 98.7347 1083.37 11 98.4882 3355.46 34 98.69
19 pr.load_src.txt 1411.14 19 74.2705 798.36 11 72.5782 2460.21 33 74.5518
20 pr.load_cli.txt 1217.98 20 60.899 743.22 12 61.935 1957.67 32 61.1772
20 pr.load_dst.txt 739.98 20 36.999 327.93 12 27.3275 1109.87 32 34.6834
20 pr.load_n1.txt 1873.09 19 98.5837 1180.47 12 98.3725 3349.93 34 98.5274
20 pr.load_n2.txt 1874.6 19 98.6632 1181.35 12 98.4458 3354.68 34 98.6671
20 pr.load_src.txt 733.94 20 36.697 415.21 12 34.6008 1182.37 32 36.9491
21 pr.load_cli.txt 1217.02 20 60.851 1053.01 17 61.9418 2017.55 33 61.1379
21 pr.load_dst.txt 1491.11 20 74.5555 1106.5 17 65.0882 2341.38 33 70.9509
21 pr.load_n1.txt 1969.96 20 98.498 1662.81 17 97.8124 3248.08 33 98.4267
21 pr.load_n2.txt 1965.89 20 98.2945 1663.38 17 97.8459 3252.71 33 98.567
21 pr.load_src.txt 982.46 20 49.123 744.77 17 43.81 1582.84 32 49.4638
22 pr.load_cli.txt 1218.28 20 60.914 1176.06 19 61.8979 1956.71 32 61.1472
22 pr.load_dst.txt 988.86 20 49.443 740.05 19 38.95 1465.3 32 45.7906
22 pr.load_n1.txt 1968.59 20 98.4295 1859.02 19 97.8432 3148.34 32 98.3856
22 pr.load_n2.txt 1968.51 20 98.4255 1858.13 19 97.7963 3248.61 33 98.4427
22 pr.load_src.txt 1484.26 20 74.213 1330.11 19 70.0058 2383.11 32 74.4722
23 pr.load_cli.txt 1217.45 20 60.8725 1113.62 18 61.8678 2017.63 33 61.1403
23 pr.load_dst.txt 739.07 20 36.9535 506.08 18 28.1156 1139.38 33 34.5267
23 pr.load_n1.txt 1967.47 20 98.3735 1758.98 18 97.7211 3244.19 33 98.3088
23 pr.load_n2.txt 1868 19 98.3158 1756.75 18 97.5972 3344.09 34 98.3556
23 pr.load_src.txt 732.44 20 36.622 574.65 18 31.925 1216.82 33 36.8733
24 pr.load_cli.txt 1216.22 20 60.811 618.35 10 61.835 2016.38 33 61.1024
24 pr.load_dst.txt 1489.1 20 74.455 634.73 10 63.473 2303.85 32 71.9953
24 pr.load_n1.txt 1964.33 20 98.2165 980.24 10 98.024 3243.05 33 98.2742
24 pr.load_n2.txt 1965.85 20 98.2925 981.61 10 98.161 3243.57 33 98.29
24 pr.load_src.txt 980.26 20 49.013 475.39 10 47.539 1579.3 32 49.3531
25 pr.load_cli.txt 1215.85 20 60.7925 741.79 12 61.8158 1955.2 32 61.1
25 pr.load_dst.txt 984.78 20 49.239 465.02 12 38.7517 1492.65 32 46.6453
25 pr.load_n1.txt 1962.58 20 98.129 1175.22 12 97.935 3139.55 32 98.1109
25 pr.load_n2.txt 1865.71 19 98.1953 1176.39 12 98.0325 3240.28 33 98.1903
25 pr.load_src.txt 1483.27 20 74.1635 877.58 12 73.1317 2381.71 32 74.4284
26 pr.load_cli.txt 1154.64 19 60.7705 803.21 13 61.7854 2015.16 33 61.0655
26 pr.load_dst.txt 700.28 19 36.8568 365.13 13 28.0869 1124.55 33 34.0773
26 pr.load_n1.txt 1864.69 19 98.1416 1275.09 13 98.0838 3238.94 33 98.1497
26 pr.load_n2.txt 1864.58 19 98.1358 1275.2 13 98.0923 3337.04 34 98.1482
26 pr.load_src.txt 693.67 19 36.5089 460.04 13 35.3877 1214.27 33 36.7961
27 pr.load_cli.txt 1153.88 19 60.7305 617.56 10 61.756 2014.91 33 61.0579
27 pr.load_dst.txt 1411.7 19 74.3 647.86 10 64.786 2310.06 32 72.1894
27 pr.load_n1.txt 1864.05 19 98.1079 979.47 10 97.947 3236.16 33 98.0655
27 pr.load_n2.txt 1863.1 19 98.0579 979.1 10 97.91 3236.79 33 98.0845
27 pr.load_src.txt 930.8 19 48.9895 473.58 10 47.358 1578.04 32 49.3137
28 pr.load_cli.txt 1153.71 19 60.7216 741.3 12 61.775 2015.74 33 61.083
28 pr.load_dst.txt 936.31 19 49.2795 470.69 12 39.2242 1536.32 33 46.5552
28 pr.load_n1.txt 1861.73 19 97.9858 1175.23 12 97.9358 3331.65 34 97.9897
28 pr.load_n2.txt 1863.92 19 98.1011 1176.56 12 98.0467 3330.03 34 97.9421
28 pr.load_src.txt 1481.85 20 74.0925 875.78 12 72.9817 2378.99 32 74.3434
29 pr.load_cli.txt 1152.68 19 60.6674 802.84 13 61.7569 2013.54 33 61.0164
29 pr.load_dst.txt 699.15 19 36.7974 357.63 13 27.51 1125.63 33 34.11
29 pr.load_n1.txt 1859.68 19 97.8779 1271.73 13 97.8254 3327.54 34 97.8688
29 pr.load_n2.txt 1861.79 19 97.9889 1271.95 13 97.8423 3329.34 34 97.9218
29 pr.load_src.txt 729.64 20 36.482 458.64 13 35.28 1175.52 32 36.735
30 pr.load_cli.txt 1214.99 20 60.7495 555.07 9 61.6744 2013.34 33 61.0103
30 pr.load_dst.txt 1485.65 20 74.2825 575.69 9 63.9656 2376.86 33 72.0261
30 pr.load_n1.txt 1956.81 20 97.8405 878.82 9 97.6467 3231.39 33 97.9209
30 pr.load_n2.txt 1958.17 20 97.9085 880.07 9 97.7856 3230.71 33 97.9003
30 pr.load_src.txt 978.37 20 48.9185 417.81 9 46.4233 1621.05 33 49.1227
31 pr.load_cli.txt 1213.46 20 60.673 740.62 12 61.7183 2011.76 33 60.9624
31 pr.load_dst.txt 983.76 20 49.188 466.09 12 38.8408 1487.74 32 46.4919
31 pr.load_n1.txt 1957.55 20 97.8775 1173.19 12 97.7658 3228.23 33 97.8252
31 pr.load_n2.txt 1858.65 19 97.8237 1171.68 12 97.64 3325.72 34 97.8153
31 pr.load_src.txt 1480.13 20 74.0065 869.85 12 72.4875 2378.39 32 74.3247
32 pr.load_cli.txt 1213.2 20 60.66 740.2 12 61.6833 2011.06 33 60.9412
32 pr.load_dst.txt 733.57 20 36.6785 326.08 12 27.1733 1097.27 32 34.2897
32 pr.load_n1.txt 1856.7 19 97.7211 1171.43 12 97.6192 3322.48 34 97.72
32 pr.load_n2.txt 1858.07 19 97.7932 1170.93 12 97.5775 3323.61 34 97.7532
32 pr.load_src.txt 727.84 20 36.392 412.74 12 34.395 1172.78 32 36.6494
33 pr.load_cli.txt 1212.67 20 60.6335 1171.65 19 61.6658 1949.01 32 60.9066
33 pr.load_dst.txt 1485.71 20 74.2855 1264.26 19 66.54 2301.19 32 71.9122
33 pr.load_n1.txt 1953.29 20 97.6645 1842.72 19 96.9853 3124.87 32 97.6522
33 pr.load_n2.txt 1950.68 20 97.534 1844.65 19 97.0868 3226.65 33 97.7773
33 pr.load_src.txt 976.67 20 48.8335 787 19 41.4211 1571.45 32 49.1078
34 pr.load_cli.txt 1152.21 19 60.6426 1170.78 19 61.62 2010.2 33 60.9152
34 pr.load_dst.txt 933.66 19 49.14 742.9 19 39.1 1502.27 33 45.5233
34 pr.load_n1.txt 1855.67 19 97.6668 1845.21 19 97.1163 3224.7 33 97.7182
34 pr.load_n2.txt 1858.08 19 97.7937 1850.15 19 97.3763 3231.23 33 97.9161
34 pr.load_src.txt 1404.69 19 73.9311 1333.01 19 70.1584 2448.19 33 74.1876
35 pr.load_cli.txt 1150.25 19 60.5395 1355.78 22 61.6264 2008.59 33 60.8664
35 pr.load_dst.txt 696.13 19 36.6384 621.74 22 28.2609 1061.91 32 33.1847
35 pr.load_n1.txt 1856.44 19 97.7074 2140.2 22 97.2818 3230.4 33 97.8909
35 pr.load_n2.txt 1858.98 19 97.8411 2138.47 22 97.2032 3228.67 33 97.8385
35 pr.load_src.txt 689.57 19 36.2932 710.37 22 32.2895 1171.36 32 36.605
