0 pr.load_cli.txt 1483.86 27 54.9578 311.96 5 62.392 1965.04 32 61.4075
0 pr.load_dst.txt 2024.25 27 74.9722 307.81 5 61.562 2353.51 32 73.5472
0 pr.load_n1.txt 2697.67 27 99.9137 499.26 5 99.852 3197.54 32 99.9231
0 pr.load_n2.txt 2697.65 27 99.913 498.5 5 99.7 3296.67 33 99.8991
0 pr.load_src.txt 1341.68 27 49.6919 248.62 5 49.724 1596.97 32 49.9053
1 pr.load_cli.txt 1226.91 20 61.3455 374.24 6 62.3733 1970.57 32 61.5803
1 pr.load_dst.txt 998.85 20 49.9425 212.5 6 35.4167 1526.08 32 47.69
1 pr.load_n1.txt 1996.33 20 99.8165 598.37 6 99.7283 3195.2 32 99.85
1 pr.load_n2.txt 1996.36 20 99.818 598.24 6 99.7067 3194.99 32 99.8434
1 pr.load_src.txt 1492.81 20 74.6405 449.16 6 74.86 2397.11 32 74.9097
2 pr.load_cli.txt 1163.87 19 61.2563 436.19 7 62.3129 1974.13 32 61.6916
2 pr.load_dst.txt 711.06 19 37.4242 179.63 7 25.6614 1148.2 32 35.8813
2 pr.load_n1.txt 1895.7 19 99.7737 697.86 7 99.6943 3291.08 33 99.7297
2 pr.load_n2.txt 1895.72 19 99.7747 698.11 7 99.73 3291.95 33 99.7561
2 pr.load_src.txt 704.64 19 37.0863 261.1 7 37.3 1195.12 32 37.3475
3 pr.load_cli.txt 1163.31 19 61.2268 311.54 5 62.308 2031.17 33 61.5506
3 pr.load_dst.txt 1423.16 19 74.9032 316.29 5 63.258 2319.92 32 72.4975
3 pr.load_n1.txt 1894.21 19 99.6953 497.74 5 99.548 3290.45 33 99.7106
3 pr.load_n2.txt 1894.62 19 99.7168 497.98 5 99.596 3291.05 33 99.7288
3 pr.load_src.txt 991.27 20 49.5635 248.62 5 49.724 1545.37 31 49.8506
4 pr.load_cli.txt 1225.27 20 61.2635 373.34 6 62.2233 1969.23 32 61.5384
4 pr.load_dst.txt 997.46 20 49.873 211.43 6 35.2383 1527.87 32 47.7459
4 pr.load_n1.txt 1993.59 20 99.6795 597.36 6 99.56 3188.95 32 99.6547
4 pr.load_n2.txt 1993.47 20 99.6735 597.49 6 99.5817 3188.9 32 99.6531
4 pr.load_src.txt 1491.98 20 74.599 448.76 6 74.7933 2395.11 32 74.8472
5 pr.load_cli.txt 1224.44 20 61.222 373.13 6 62.1883 1968.28 32 61.5087
5 pr.load_dst.txt 747 20 37.35 141.03 6 23.505 1122.52 32 35.0787
5 pr.load_n1.txt 1991.96 20 99.598 596.61 6 99.435 3285.79 33 99.5694
5 pr.load_n2.txt 1991.95 20 99.5975 596.99 6 99.4983 3285.92 33 99.5733
5 pr.load_src.txt 740.81 20 37.0405 223.4 6 37.2333 1193.45 32 37.2953
6 pr.load_cli.txt 1223.85 20 61.1925 311.36 5 62.272 1967.87 32 61.4959
6 pr.load_dst.txt 1497.06 20 74.853 297.7 5 59.54 2329.77 32 72.8053
6 pr.load_n1.txt 1989 20 99.45 496.64 5 99.328 3184.23 32 99.5072
6 pr.load_n2.txt 1889.97 19 99.4721 496.62 5 99.324 3284.57 33 99.5324
6 pr.load_src.txt 988.77 20 49.4385 248.11 5 49.622 1592.66 32 49.7706
7 pr.load_cli.txt 1162.04 19 61.16 435.2 7 62.1714 1966.7 32 61.4594
7 pr.load_dst.txt 946.36 19 49.8084 259.4 7 37.0571 1518.54 32 47.4544
7 pr.load_n1.txt 1888.98 19 99.42 695.5 7 99.3571 3182.1 32 99.4406
7 pr.load_n2.txt 1889.25 19 99.4342 695.85 7 99.4071 3281.5 33 99.4394
7 pr.load_src.txt 1415.98 19 74.5253 523.3 7 74.7571 2392.87 32 74.7772
8 pr.load_cli.txt 1160.95 19 61.1026 435.31 7 62.1871 2028 33 61.4545
8 pr.load_dst.txt 708.53 19 37.2911 178.23 7 25.4614 1119.26 32 34.9769
8 pr.load_n1.txt 1888.22 19 99.38 695.23 7 99.3186 3279.33 33 99.3736
8 pr.load_n2.txt 1888.6 19 99.4 694.63 7 99.2329 3279.23 33 99.3706
8 pr.load_src.txt 701.82 19 36.9379 260.09 7 37.1557 1191.11 32 37.2222
9 pr.load_cli.txt 1160.47 19 61.0774 373.31 6 62.2183 2027.87 33 61.4506
9 pr.load_dst.txt 1421.01 19 74.79 371.34 6 61.89 2383.7 33 72.2333
9 pr.load_n1.txt 1887.21 19 99.3268 595 6 99.1667 3276.79 33 99.2967
9 pr.load_n2.txt 1887.21 19 99.3268 595.01 6 99.1683 3277.41 33 99.3155
9 pr.load_src.txt 931.58 19 49.0305 297.63 6 49.605 1639.61 33 49.6852
10 pr.load_cli.txt 1160.2 19 61.0632 497.15 8 62.1437 2027.62 33 61.443
10 pr.load_dst.txt 945.07 19 49.7405 292.55 8 36.5688 1544.32 33 46.7976
10 pr.load_n1.txt 1885.47 19 99.2353 793.11 8 99.1388 3274.57 33 99.2294
10 pr.load_n2.txt 1885.58 19 99.2411 793.24 8 99.155 3275.79 33 99.2664
10 pr.load_src.txt 1414.69 19 74.4574 597.16 8 74.645 2392.17 32 74.7553
11 pr.load_cli.txt 1222.19 20 61.1095 497.32 8 62.165 1963.76 32 61.3675
11 pr.load_dst.txt 744.37 20 37.2185 183.48 8 22.935 1113.13 32 34.7853
11 pr.load_n1.txt 1983.34 20 99.167 792.36 8 99.045 3174.1 32 99.1906
11 pr.load_n2.txt 1982.93 20 99.1465 792.48 8 99.06 3272.53 33 99.1676
11 pr.load_src.txt 737.56 20 36.878 296.77 8 37.0963 1189.27 32 37.1647
12 pr.load_cli.txt 1160.13 19 61.0595 310.4 5 62.08 2025.15 33 61.3682
12 pr.load_dst.txt 1495.05 20 74.7525 300.07 5 60.014 2329.66 32 72.8019
12 pr.load_n1.txt 1882.72 19 99.0905 495 5 99 3269.84 33 99.0861
12 pr.load_n2.txt 1883.11 19 99.1111 495.1 5 99.02 3269.81 33 99.0852
12 pr.load_src.txt 987.26 20 49.363 247.54 5 49.508 1539.13 31 49.6494
13 pr.load_cli.txt 1159.45 19 61.0237 372.67 6 62.1117 2025.54 33 61.38
13 pr.load_dst.txt 943.53 19 49.6595 228.09 6 38.015 1553.02 33 47.0612
13 pr.load_n1.txt 1881.85 19 99.0447 593.36 6 98.8933 3267.96 33 99.0291
13 pr.load_n2.txt 1881.97 19 99.0511 593.49 6 98.915 3268.21 33 99.0367
13 pr.load_src.txt 1413.34 19 74.3863 447.37 6 74.5617 2463.78 33 74.66
14 pr.load_cli.txt 1158.56 19 60.9768 434.58 7 62.0829 1961.06 32 61.2831
14 pr.load_dst.txt 705.73 19 37.1437 177.07 7 25.2957 1113.64 32 34.8012
14 pr.load_n1.txt 1880.08 19 98.9516 692.37 7 98.91 3265.43 33 98.9524
14 pr.load_n2.txt 1879.97 19 98.9458 692.38 7 98.9114 3267.01 33 99.0003
14 pr.load_src.txt 699.8 19 36.8316 259.04 7 37.0057 1186.56 32 37.08
15 pr.load_cli.txt 1158.52 19 60.9747 310.36 5 62.072 2022.12 33 61.2764
15 pr.load_dst.txt 1418.44 19 74.6547 315.89 5 63.178 2384.16 33 72.2473
15 pr.load_n1.txt 1879.44 19 98.9179 494.37 5 98.874 3264.06 33 98.9109
15 pr.load_n2.txt 1879.84 19 98.9389 494.49 5 98.898 3263.69 33 98.8997
15 pr.load_src.txt 936.18 19 49.2726 247.25 5 49.45 1587.16 32 49.5987
16 pr.load_cli.txt 1158.4 19 60.9684 434.6 7 62.0857 1961.08 32 61.2837
16 pr.load_dst.txt 942.28 19 49.5937 260.36 7 37.1943 1516.16 32 47.38
16 pr.load_n1.txt 1877.83 19 98.8332 690.74 7 98.6771 3162.29 32 98.8216
16 pr.load_n2.txt 1877.22 19 98.8011 691.24 7 98.7486 3259.8 33 98.7818
16 pr.load_src.txt 1412.24 19 74.3284 521.47 7 74.4957 2386.96 32 74.5925
17 pr.load_cli.txt 1219.6 20 60.98 433.94 7 61.9914 1960.38 32 61.2619
17 pr.load_dst.txt 741.49 20 37.0745 166.71 7 23.8157 1118.96 32 34.9675
17 pr.load_n1.txt 1975.07 20 98.7535 690.72 7 98.6743 3159.17 32 98.7241
17 pr.load_n2.txt 1975.21 20 98.7605 592.24 6 98.7067 3259.18 33 98.763
17 pr.load_src.txt 734.96 20 36.748 258.67 7 36.9529 1149.08 31 37.0671
18 pr.load_cli.txt 1220.75 20 61.0375 309.56 5 61.912 1959.24 32 61.2263
18 pr.load_dst.txt 1489.47 20 74.4735 296.53 5 59.306 2320.3 32 72.5094
18 pr.load_n1.txt 1973.96 20 98.698 492.49 5 98.498 3158.05 32 98.6891
18 pr.load_n2.txt 1973.68 20 98.684 493 5 98.6 3157.92 32 98.685
18 pr.load_src.txt 984.17 20 49.2085 246.81 5 49.362 1583.63 32 49.4884
19 pr.load_cli.txt 1157.11 19 60.9005 433.91 7 61.9871 1958.64 32 61.2075
19 pr.load_dst.txt 940.8 19 49.5158 259.81 7 37.1157 1510.89 32 47.2153
19 pr.load_n1.txt 1874.93 19 98.6805 689.61 7 98.5157 3254.57 33 98.6233
19 pr.load_n2.txt 1874.7 19 98.6684 690.6 7 98.6571 3253.31 33 98.5852
19 pr.load_src.txt 1411.06 19 74.2663 521.69 7 74.5271 2385.2 32 74.5375
20 pr.load_cli.txt 1218.54 20 60.927 433.42 7 61.9171 1959.02 32 61.2194
20 pr.load_dst.txt 739.96 20 36.998 167.31 7 23.9014 1083.11 31 34.939
20 pr.load_n1.txt 1872.69 19 98.5626 689.36 7 98.48 3253.56 33 98.5927
20 pr.load_n2.txt 1872.72 19 98.5642 689.85 7 98.55 3251.71 33 98.5367
20 pr.load_src.txt 733.69 20 36.6845 258.01 7 36.8586 1145.7 31 36.9581
21 pr.load_cli.txt 1156.54 19 60.8705 371.54 6 61.9233 2019.37 33 61.193
21 pr.load_dst.txt 1415.85 19 74.5184 369.83 6 61.6383 2367.5 33 71.7424
21 pr.load_n1.txt 1871.47 19 98.4984 589.98 6 98.33 3250.77 33 98.5082
21 pr.load_n2.txt 1870.95 19 98.4711 590.24 6 98.3733 3249.71 33 98.4761
21 pr.load_src.txt 933.44 19 49.1284 295.89 6 49.315 1630.63 33 49.413
22 pr.load_cli.txt 1217.7 20 60.885 495.19 8 61.8987 1957.15 32 61.1609
22 pr.load_dst.txt 989.33 20 49.4665 270.7 8 33.8375 1476.24 32 46.1325
22 pr.load_n1.txt 1968.57 20 98.4285 786.6 8 98.325 3149.29 32 98.4153
22 pr.load_n2.txt 1969.08 20 98.454 785.6 8 98.2 3148.46 32 98.3894
22 pr.load_src.txt 1484.35 20 74.2175 595.23 8 74.4037 2382.76 32 74.4612
23 pr.load_cli.txt 1156.16 19 60.8505 556.99 9 61.8878 1955.71 32 61.1159
23 pr.load_dst.txt 702.27 19 36.9616 218.91 9 24.3233 1108.99 32 34.6559
23 pr.load_n1.txt 1868.44 19 98.3389 884.47 9 98.2744 3146.66 32 98.3331
23 pr.load_n2.txt 1869.34 19 98.3863 884.72 9 98.3022 3246.53 33 98.3797
23 pr.load_src.txt 695.54 19 36.6074 331.27 9 36.8078 1180.39 32 36.8872
24 pr.load_cli.txt 1216.61 20 60.8305 309.23 5 61.846 1955.35 32 61.1047
24 pr.load_dst.txt 1489.44 20 74.472 300.35 5 60.07 2320.31 32 72.5097
24 pr.load_n1.txt 1965.29 20 98.2645 490.74 5 98.148 3145.25 32 98.2891
24 pr.load_n2.txt 1965.58 20 98.279 491.6 5 98.32 3146.9 32 98.3406
24 pr.load_src.txt 981.31 20 49.0655 246.01 5 49.202 1531.85 31 49.4145
25 pr.load_cli.txt 1154.72 19 60.7747 432.91 7 61.8443 1953.68 32 61.0525
25 pr.load_dst.txt 938.41 19 49.39 260.4 7 37.2 1511.18 32 47.2244
25 pr.load_n1.txt 1865.93 19 98.2068 687.6 7 98.2286 3144.03 32 98.2509
25 pr.load_n2.txt 1867.31 19 98.2795 687.46 7 98.2086 3241.66 33 98.2321
25 pr.load_src.txt 1408.84 19 74.1495 520.46 7 74.3514 2381.92 32 74.435
26 pr.load_cli.txt 1153.88 19 60.7305 432.78 7 61.8257 1953.85 32 61.0578
26 pr.load_dst.txt 699.32 19 36.8063 176.82 7 25.26 1108.78 32 34.6494
26 pr.load_n1.txt 1866.19 19 98.2205 687.12 7 98.16 3240.28 33 98.1903
26 pr.load_n2.txt 1865.07 19 98.1616 687.1 7 98.1571 3238.06 33 98.123
26 pr.load_src.txt 693.99 19 36.5258 257.01 7 36.7157 1177.92 32 36.81
27 pr.load_cli.txt 1154.18 19 60.7463 309.18 5 61.836 2015.59 33 61.0785
27 pr.load_dst.txt 1413.48 19 74.3937 316.51 5 63.302 2367.93 33 71.7555
27 pr.load_n1.txt 1862.33 19 98.0174 488.89 5 97.778 3236.54 33 98.077
27 pr.load_n2.txt 1864.92 19 98.1537 489.61 5 97.922 3239.56 33 98.1685
27 pr.load_src.txt 980.05 20 49.0025 245.74 5 49.148 1529.07 31 49.3248
28 pr.load_cli.txt 1215.66 20 60.783 370.72 6 61.7867 2013.25 33 61.0076
28 pr.load_dst.txt 985.08 20 49.254 208.78 6 34.7967 1488.7 32 46.5219
28 pr.load_n1.txt 1961.19 20 98.0595 586.98 6 97.83 3236 33 98.0606
28 pr.load_n2.txt 1960.82 20 98.041 587.86 6 97.9767 3235.16 33 98.0352
28 pr.load_src.txt 1482.45 20 74.1225 445.79 6 74.2983 2380.88 32 74.4025
29 pr.load_cli.txt 1153.39 19 60.7047 432.48 7 61.7829 1951.7 32 60.9906
29 pr.load_dst.txt 699.43 19 36.8121 177.56 7 25.3657 1105.05 32 34.5328
29 pr.load_n1.txt 1863.05 19 98.0553 686.09 7 98.0129 3232.91 33 97.967
29 pr.load_n2.txt 1861.43 19 97.97 684.98 7 97.8543 3232.67 33 97.9597
29 pr.load_src.txt 692.66 19 36.4558 256.55 7 36.65 1175.81 32 36.7441
30 pr.load_cli.txt 1153.16 19 60.6926 308.44 5 61.688 2013.82 33 61.0248
30 pr.load_dst.txt 1412.42 19 74.3379 315.69 5 63.138 2371.32 33 71.8582
30 pr.load_n1.txt 1860.29 19 97.91 489.35 5 97.87 3230.59 33 97.8967
30 pr.load_n2.txt 1859.96 19 97.8926 489.11 5 97.822 3231.41 33 97.9215
30 pr.load_src.txt 929.66 19 48.9295 245.36 5 49.072 1623.5 33 49.197
31 pr.load_cli.txt 1151.72 19 60.6168 432.02 7 61.7171 1951.03 32 60.9697
31 pr.load_dst.txt 935.84 19 49.2547 259.65 7 37.0929 1500.23 32 46.8822
31 pr.load_n1.txt 1858.17 19 97.7984 684.09 7 97.7271 3223.78 33 97.6903
31 pr.load_n2.txt 1859.8 19 97.8842 684.47 7 97.7814 3231.23 33 97.9161
31 pr.load_src.txt 1406.16 19 74.0084 519.72 7 74.2457 2377.51 32 74.2972
32 pr.load_cli.txt 1151.87 19 60.6247 432.13 7 61.7329 2011.79 33 60.9633
32 pr.load_dst.txt 698.17 19 36.7458 176.93 7 25.2757 1101.19 32 34.4122
32 pr.load_n1.txt 1857.56 19 97.7663 683.63 7 97.6614 3229.22 33 97.8552
32 pr.load_n2.txt 1857.84 19 97.7811 683.97 7 97.71 3226.27 33 97.7658
32 pr.load_src.txt 691.48 19 36.3937 256.29 7 36.6129 1173.61 32 36.6753
33 pr.load_cli.txt 1213.13 20 60.6565 370.3 6 61.7167 2011.24 33 60.9467
33 pr.load_dst.txt 1485.45 20 74.2725 352.54 6 58.7567 2254.31 32 70.4472
33 pr.load_n1.txt 1954.55 20 97.7275 585.86 6 97.6433 3225.86 33 97.7533
33 pr.load_n2.txt 1954.68 20 97.734 586.46 6 97.7433 3225.64 33 97.7467
33 pr.load_src.txt 977.59 20 48.8795 294.05 6 49.0083 1572.19 32 49.1309
34 pr.load_cli.txt 1151.59 19 60.61 493.3 8 61.6625 2010.64 33 60.9285
34 pr.load_dst.txt 933.36 19 49.1242 291.76 8 36.47 1514.71 33 45.9003
34 pr.load_n1.txt 1856.06 19 97.6874 779.61 8 97.4513 3222.62 33 97.6552
34 pr.load_n2.txt 1854.44 19 97.6021 779.48 8 97.435 3222.11 33 97.6397
34 pr.load_src.txt 1479.78 20 73.989 593.46 8 74.1825 2303.55 31 74.3081
35 pr.load_cli.txt 1150.48 19 60.5516 554.77 9 61.6411 1947.74 32 60.8669
35 pr.load_dst.txt 697.36 19 36.7032 218.18 9 24.2422 1082.85 32 33.8391
35 pr.load_n1.txt 1854.68 19 97.6147 877.21 9 97.4678 3217.03 33 97.4858
35 pr.load_n2.txt 1855.43 19 97.6542 877.59 9 97.51 3221.13 33 97.61
35 pr.load_src.txt 690.25 19 36.3289 328.76 9 36.5289 1171.38 32 36.6056
