0 pr.traffic_cli.txt_in 60 408.99 6.8165 19 130.48 6.86737
0 pr.traffic_cli.txt_out 60 63.84 1.064 19 21.36 1.12421
0 pr.traffic_dst.txt_in 59 181356 3073.84 19 181328 9543.59
0 pr.traffic_dst.txt_out 59 1428.52 24.2122 19 1239.84 65.2547
0 pr.traffic_src.txt_in 59 1274.59 21.6032 19 1261.57 66.3984
0 pr.traffic_src.txt_out 59 181535 3076.86 19 181454 9550.2
1 pr.traffic_cli.txt_in 60 413.48 6.89133 19 130.41 6.86368
1 pr.traffic_cli.txt_out 60 64.27 1.07117 19 20.98 1.10421
1 pr.traffic_dst.txt_in 60 181908 3031.81 19 181879 9572.6
1 pr.traffic_dst.txt_out 60 1284.47 21.4078 19 1091.29 57.4363
1 pr.traffic_src.txt_in 60 1127.14 18.7857 19 1112.59 58.5574
1 pr.traffic_src.txt_out 60 182099 3034.99 19 182009 9579.44
2 pr.traffic_cli.txt_in 63 431.59 6.85063 23 157.53 6.84913
2 pr.traffic_cli.txt_out 63 67.5 1.07143 23 25.7 1.11739
2 pr.traffic_dst.txt_in 63 184967 2935.98 23 184938 8040.77
2 pr.traffic_dst.txt_out 63 1314.62 20.867 23 1121.43 48.7578
2 pr.traffic_src.txt_in 63 1162.17 18.4471 23 1149.15 49.963
2 pr.traffic_src.txt_out 63 185490 2944.28 23 185409 8061.25
3 pr.traffic_cli.txt_in 61 417.77 6.84869 20 143.75 7.1875
3 pr.traffic_cli.txt_out 61 64.82 1.06262 20 23.02 1.151
3 pr.traffic_dst.txt_in 62 182144 2937.81 20 182115 9105.75
3 pr.traffic_dst.txt_out 62 1438.48 23.2013 20 1245.3 62.265
3 pr.traffic_src.txt_in 61 1281.69 21.0113 20 1267.23 63.3615
3 pr.traffic_src.txt_out 61 182341 2989.19 20 182251 9112.55
4 pr.traffic_cli.txt_in 60 409.22 6.82033 19 135.11 7.11105
4 pr.traffic_cli.txt_out 60 64.03 1.06717 19 22.17 1.16684
4 pr.traffic_dst.txt_in 60 181439 3023.99 19 181410 9547.9
4 pr.traffic_dst.txt_out 60 1271.61 21.1935 19 1078.44 56.76
4 pr.traffic_src.txt_in 60 1114.41 18.5735 19 1101.33 57.9647
4 pr.traffic_src.txt_out 60 181697 3028.28 19 181616 9558.72
5 pr.traffic_cli.txt_in 64 440.56 6.88375 23 162.05 7.04565
5 pr.traffic_cli.txt_out 64 68.66 1.07281 23 26.45 1.15
5 pr.traffic_dst.txt_in 64 181612 2837.69 23 181583 7894.92
5 pr.traffic_dst.txt_out 64 1264.91 19.7642 23 1071.7 46.5957
5 pr.traffic_src.txt_in 64 1111.96 17.3744 23 1098.94 47.78
5 pr.traffic_src.txt_out 64 181898 2842.16 23 181817 7905.1
6 pr.traffic_cli.txt_in 62 418.1 6.74355 22 144.02 6.54636
6 pr.traffic_cli.txt_out 62 65.41 1.055 22 23.55 1.07045
6 pr.traffic_dst.txt_in 62 183709 2963.05 22 183680 8349.1
6 pr.traffic_dst.txt_out 62 1354.99 21.8547 22 1161.82 52.81
6 pr.traffic_src.txt_in 62 1199.21 19.3421 22 1186.17 53.9168
6 pr.traffic_src.txt_out 62 183970 2967.25 22 183889 8358.59
7 pr.traffic_cli.txt_in 62 426.95 6.88629 22 152.8 6.94545
7 pr.traffic_cli.txt_out 62 66.98 1.08032 22 25.12 1.14182
7 pr.traffic_dst.txt_in 62 182617 2945.44 22 182588 8299.46
7 pr.traffic_dst.txt_out 62 1307.57 21.0898 22 1114.4 50.6545
7 pr.traffic_src.txt_in 62 1152.96 18.5961 22 1139.93 51.815
7 pr.traffic_src.txt_out 62 182800 2948.39 22 182719 8305.42
8 pr.traffic_cli.txt_in 65 440.32 6.77415 24 166.28 6.92833
8 pr.traffic_cli.txt_out 65 68.44 1.05292 24 26.65 1.11042
8 pr.traffic_dst.txt_in 65 184268 2834.89 24 184239 7676.63
8 pr.traffic_dst.txt_out 65 1320.34 20.3129 24 1127.13 46.9637
8 pr.traffic_src.txt_in 65 1166.87 17.9518 24 1153.85 48.0771
8 pr.traffic_src.txt_out 65 184416 2837.16 24 184335 7680.62
9 pr.traffic_cli.txt_in 70 445.05 6.35786 30 175.52 5.85067
9 pr.traffic_cli.txt_out 70 69.71 0.995857 30 28.6 0.953333
9 pr.traffic_dst.txt_in 70 184708 2638.69 30 184680 6156
9 pr.traffic_dst.txt_out 70 1418.88 20.2697 30 1230.21 41.007
9 pr.traffic_src.txt_in 70 1272.27 18.1753 30 1259.31 41.977
9 pr.traffic_src.txt_out 70 184938 2641.97 30 184857 6161.9
10 pr.traffic_cli.txt_in 69 449.6 6.51594 28 171.09 6.11036
10 pr.traffic_cli.txt_out 69 70.42 1.02058 28 27.94 0.997857
10 pr.traffic_dst.txt_in 69 183792 2663.65 28 183762 6562.93
10 pr.traffic_dst.txt_out 69 1348.15 19.5384 28 1150.48 41.0886
10 pr.traffic_src.txt_in 68 1191.87 17.5275 28 1178.9 42.1036
10 pr.traffic_src.txt_out 68 184012 2706.06 28 183931 6568.97
11 pr.traffic_cli.txt_in 71 467.38 6.58282 30 188.86 6.29533
11 pr.traffic_cli.txt_out 71 73.12 1.02986 30 30.64 1.02133
11 pr.traffic_dst.txt_in 70 185236 2646.23 30 185208 6173.59
11 pr.traffic_dst.txt_out 70 1354.4 19.3486 30 1165.69 38.8563
11 pr.traffic_src.txt_in 70 1209.29 17.2756 30 1196.27 39.8757
11 pr.traffic_src.txt_out 70 185379 2648.27 30 185298 6176.61
12 pr.traffic_cli.txt_in 74 530.18 7.16459 34 260.64 7.66588
12 pr.traffic_cli.txt_out 74 82.83 1.11932 34 41.71 1.22676
12 pr.traffic_dst.txt_in 74 182068 2460.38 34 182040 5354.12
12 pr.traffic_dst.txt_out 74 4439.11 59.988 34 4250.43 125.013
12 pr.traffic_src.txt_in 74 4305.64 58.1843 34 4292.66 126.255
12 pr.traffic_src.txt_out 74 182374 2464.51 34 182293 5361.56
13 pr.traffic_cli.txt_in 76 548.25 7.21382 35 274.1 7.83143
13 pr.traffic_cli.txt_out 76 85.66 1.12711 35 43.81 1.25171
13 pr.traffic_dst.txt_in 77 182941 2375.86 35 182912 5226.05
13 pr.traffic_dst.txt_out 77 4449.33 57.7835 35 4254.56 121.559
13 pr.traffic_src.txt_in 76 4312.16 56.7389 35 4297.62 122.789
13 pr.traffic_src.txt_out 76 183269 2411.43 35 183179 5233.68
14 pr.traffic_cli.txt_in 78 561.67 7.2009 37 283.16 7.65297
14 pr.traffic_cli.txt_out 78 88.21 1.1309 37 45.74 1.23622
14 pr.traffic_dst.txt_in 78 183273 2349.65 37 183244 4952.53
14 pr.traffic_dst.txt_out 78 4424.78 56.7279 37 4231.43 114.363
14 pr.traffic_src.txt_in 77 4291.16 55.7294 37 4278.14 115.625
14 pr.traffic_src.txt_out 77 183621 2384.69 37 183540 4960.55
15 pr.traffic_cli.txt_in 76 543.65 7.15329 34 265.06 7.79588
15 pr.traffic_cli.txt_out 76 84.78 1.11553 34 42.38 1.24647
15 pr.traffic_dst.txt_in 75 183928 2452.37 34 183899 5408.8
15 pr.traffic_dst.txt_out 75 4490.37 59.8716 34 4297.2 126.388
15 pr.traffic_src.txt_in 74 4353.11 58.8258 34 4338.64 127.607
15 pr.traffic_src.txt_out 74 184239 2489.72 34 184149 5416.16
16 pr.traffic_cli.txt_in 75 535.11 7.1348 34 260.76 7.66941
16 pr.traffic_cli.txt_out 75 84.47 1.12627 34 42.09 1.23794
16 pr.traffic_dst.txt_in 75 181685 2422.46 34 181657 5342.86
16 pr.traffic_dst.txt_out 75 4410.8 58.8107 34 4227.23 124.33
16 pr.traffic_src.txt_in 75 4281.04 57.0805 34 4266.46 125.484
16 pr.traffic_src.txt_out 75 181979 2426.39 34 181889 5349.68
17 pr.traffic_cli.txt_in 79 570.51 7.22165 39 296.49 7.60231
17 pr.traffic_cli.txt_out 79 89.25 1.12975 39 47.45 1.21667
17 pr.traffic_dst.txt_in 79 183523 2323.08 39 183494 4704.98
17 pr.traffic_dst.txt_out 79 4465.47 56.5249 39 4272.29 109.546
17 pr.traffic_src.txt_in 79 4334.89 54.872 39 4321.91 110.818
17 pr.traffic_src.txt_out 79 183933 2328.27 39 183852 4714.16
18 pr.traffic_cli.txt_in 74 530.35 7.16689 33 247.32 7.49455
18 pr.traffic_cli.txt_out 74 83.23 1.12473 33 39.99 1.21182
18 pr.traffic_dst.txt_in 74 182301 2463.52 33 182272 5523.39
18 pr.traffic_dst.txt_out 74 4466.53 60.3585 33 4273.35 129.495
18 pr.traffic_src.txt_in 74 4326.38 58.4646 33 4311.9 130.664
18 pr.traffic_src.txt_out 74 182518 2466.46 33 182428 5528.12
19 pr.traffic_cli.txt_in 75 543.83 7.25107 34 265.26 7.80176
19 pr.traffic_cli.txt_out 75 84.95 1.13267 34 42.48 1.24941
19 pr.traffic_dst.txt_in 75 181599 2421.32 34 181569 5340.28
19 pr.traffic_dst.txt_out 75 4444.37 59.2583 34 4246.65 124.901
19 pr.traffic_src.txt_in 74 4300.77 58.1185 34 4287.75 126.11
19 pr.traffic_src.txt_out 74 181826 2457.1 34 181745 5345.43
20 pr.traffic_cli.txt_in 79 566.24 7.16759 38 287.67 7.57026
20 pr.traffic_cli.txt_out 79 88.53 1.12063 38 46.05 1.21184
20 pr.traffic_dst.txt_in 78 183112 2347.59 38 183084 4818
20 pr.traffic_dst.txt_out 78 4444.98 56.9869 38 4256.28 112.007
20 pr.traffic_src.txt_in 79 4314.79 54.6176 38 4301.78 113.205
20 pr.traffic_src.txt_out 79 183390 2321.4 38 183310 4823.94
21 pr.traffic_cli.txt_in 84 566.27 6.74131 43 292.18 6.79488
21 pr.traffic_cli.txt_out 84 88.57 1.0544 43 46.77 1.08767
21 pr.traffic_dst.txt_in 84 184178 2192.6 43 184149 4282.55
21 pr.traffic_dst.txt_out 84 4564.85 54.3435 43 4371.65 101.666
21 pr.traffic_src.txt_in 84 4432.26 52.765 43 4419.24 102.773
21 pr.traffic_src.txt_out 84 184526 2196.74 43 184445 4289.43
22 pr.traffic_cli.txt_in 86 566.18 6.58349 46 296.49 6.44543
22 pr.traffic_cli.txt_out 86 88.67 1.03105 46 47.45 1.03152
22 pr.traffic_dst.txt_in 86 184887 2149.84 46 184858 4018.66
22 pr.traffic_dst.txt_out 86 4559.91 53.0222 46 4371.23 95.0267
22 pr.traffic_src.txt_in 86 4431.02 51.5235 46 4417.92 96.0417
22 pr.traffic_src.txt_out 86 185171 2153.15 46 185090 4023.69
23 pr.traffic_cli.txt_in 85 588.95 6.92882 44 310.24 7.05091
23 pr.traffic_cli.txt_out 85 92.91 1.09306 44 50.01 1.13659
23 pr.traffic_dst.txt_in 85 182567 2147.85 44 182538 4148.58
23 pr.traffic_dst.txt_out 85 4509.45 53.0524 44 4311.76 97.9945
23 pr.traffic_src.txt_in 85 4375.32 51.4744 44 4362.3 99.1432
23 pr.traffic_src.txt_out 85 182923 2152.03 44 182842 4155.5
24 pr.traffic_cli.txt_in 77 548.58 7.12442 37 278.87 7.53703
24 pr.traffic_cli.txt_out 77 86.71 1.1261 37 45.12 1.21946
24 pr.traffic_dst.txt_in 77 184018 2389.84 37 183989 4972.69
24 pr.traffic_dst.txt_out 77 4435.32 57.6016 37 4246.62 114.774
24 pr.traffic_src.txt_in 77 4306.72 55.9314 37 4293.76 116.048
24 pr.traffic_src.txt_out 77 184400 2394.81 37 184319 4981.6
25 pr.traffic_cli.txt_in 77 557.1 7.23506 36 278.55 7.7375
25 pr.traffic_cli.txt_out 77 86.99 1.12974 36 44.52 1.23667
25 pr.traffic_dst.txt_in 77 182130 2365.33 36 182101 5058.36
25 pr.traffic_dst.txt_out 77 4384.19 56.9375 36 4186.53 116.292
25 pr.traffic_src.txt_in 76 4243.56 55.8363 36 4230.59 117.516
25 pr.traffic_src.txt_out 76 182405 2400.07 36 182324 5064.56
26 pr.traffic_cli.txt_in 80 575.45 7.19313 39 296.9 7.61282
26 pr.traffic_cli.txt_out 80 90.46 1.13075 39 48.02 1.23128
26 pr.traffic_dst.txt_in 80 184407 2305.09 39 184377 4727.63
26 pr.traffic_dst.txt_out 80 4419.55 55.2444 39 4226.2 108.364
26 pr.traffic_src.txt_in 81 4287.22 52.9286 39 4274.25 109.596
26 pr.traffic_src.txt_out 81 184722 2280.51 39 184641 4734.38
27 pr.traffic_cli.txt_in 77 552.88 7.18026 36 274.32 7.62
27 pr.traffic_cli.txt_out 77 87.78 1.14 36 45.32 1.25889
27 pr.traffic_dst.txt_in 76 182390 2399.87 36 182361 5065.6
27 pr.traffic_dst.txt_out 76 4404.87 57.9588 36 4216.19 117.116
27 pr.traffic_src.txt_in 76 4275.15 56.252 36 4262.13 118.392
27 pr.traffic_src.txt_out 76 182713 2404.11 36 182632 5073.1
28 pr.traffic_cli.txt_in 77 557.23 7.23675 36 283.15 7.86528
28 pr.traffic_cli.txt_out 77 87.07 1.13078 36 45.29 1.25806
28 pr.traffic_dst.txt_in 77 182736 2373.2 36 182707 5075.2
28 pr.traffic_dst.txt_out 77 4413.32 57.3158 36 4223.88 117.33
28 pr.traffic_src.txt_in 77 4283.73 55.6329 36 4270.75 118.632
28 pr.traffic_src.txt_out 77 183105 2377.98 36 183024 5083.99
29 pr.traffic_cli.txt_in 80 566.53 7.08163 39 287.77 7.37872
29 pr.traffic_cli.txt_out 80 89.4 1.1175 39 46.42 1.19026
29 pr.traffic_dst.txt_in 80 184521 2306.51 39 184493 4730.58
29 pr.traffic_dst.txt_out 80 4408.92 55.1115 39 4220.22 108.211
29 pr.traffic_src.txt_in 80 4281.71 53.5214 39 4267.24 109.416
29 pr.traffic_src.txt_out 80 184857 2310.71 39 184767 4737.62
30 pr.traffic_cli.txt_in 78 552.83 7.08756 38 278.74 7.33526
30 pr.traffic_cli.txt_out 78 86.81 1.11295 38 45.01 1.18447
30 pr.traffic_dst.txt_in 78 183085 2347.25 38 183056 4817.28
30 pr.traffic_dst.txt_out 78 4440.06 56.9238 38 4246.85 111.759
30 pr.traffic_src.txt_in 78 4306.92 55.2169 38 4293.9 112.997
30 pr.traffic_src.txt_out 78 183524 2352.87 38 183443 4827.45
31 pr.traffic_cli.txt_in 77 557.1 7.23506 37 278.52 7.52757
31 pr.traffic_cli.txt_out 77 86.95 1.12922 37 44.47 1.20189
31 pr.traffic_dst.txt_in 77 183456 2382.54 37 183426 4957.46
31 pr.traffic_dst.txt_out 77 4450.17 57.7944 37 4252.48 114.932
31 pr.traffic_src.txt_in 76 4311.33 56.728 37 4298.36 116.172
31 pr.traffic_src.txt_out 76 183813 2418.6 37 183733 4965.74
32 pr.traffic_cli.txt_in 79 561.93 7.11304 39 292.05 7.48846
32 pr.traffic_cli.txt_out 79 88.4 1.11899 39 46.74 1.19846
32 pr.traffic_dst.txt_in 79 183203 2319.03 39 183174 4696.77
32 pr.traffic_dst.txt_out 79 4386.69 55.5277 39 4197.84 107.637
32 pr.traffic_src.txt_in 79 4257.28 53.8896 39 4244.14 108.824
32 pr.traffic_src.txt_out 79 183490 2322.66 39 183409 4702.79
33 pr.traffic_cli.txt_in 86 575.07 6.68686 45 296.56 6.59022
33 pr.traffic_cli.txt_out 86 89.9 1.04535 45 47.43 1.054
33 pr.traffic_dst.txt_in 85 184585 2171.59 45 184557 4101.26
33 pr.traffic_dst.txt_out 85 4511.86 53.0807 45 4323.18 96.0707
33 pr.traffic_src.txt_in 85 4384.09 51.5775 45 4371.07 97.1349
33 pr.traffic_src.txt_out 85 184920 2175.52 45 184839 4107.53
34 pr.traffic_cli.txt_in 82 570.77 6.96061 41 292.19 7.12659
34 pr.traffic_cli.txt_out 82 89.24 1.08829 41 46.77 1.14073
34 pr.traffic_dst.txt_in 82 182561 2226.35 41 182533 4452.02
34 pr.traffic_dst.txt_out 82 4474.35 54.5652 41 4285.67 104.529
34 pr.traffic_src.txt_in 81 4349.18 53.6936 41 4334.7 105.724
34 pr.traffic_src.txt_out 81 183036 2259.7 41 182946 4462.09
35 pr.traffic_cli.txt_in 84 588.61 7.00726 43 314.53 7.31465
35 pr.traffic_cli.txt_out 84 92.58 1.10214 43 50.68 1.1786
35 pr.traffic_dst.txt_in 84 183330 2182.5 43 183301 4262.82
35 pr.traffic_dst.txt_out 84 4476.69 53.2939 43 4283.48 99.6158
35 pr.traffic_src.txt_in 84 4349.4 51.7786 43 4336.49 100.849
35 pr.traffic_src.txt_out 84 183753 2187.54 43 183677 4271.55
