0 pr.traffic_cli.txt_in 61 417.94 6.85148 20 139.24 6.962
0 pr.traffic_cli.txt_out 61 64.86 1.06328 20 21.86 1.093
0 pr.traffic_dst.txt_in 61 25876.3 424.201 20 25847.3 1292.36
0 pr.traffic_dst.txt_out 61 518.8 8.50492 20 325.61 16.2805
0 pr.traffic_n1.txt_in 61 5.63 0.0922951 20 5.63 0.2815
0 pr.traffic_n1.txt_out 61 165.91 2.71984 20 165.91 8.2955
0 pr.traffic_n2.txt_in 62 5.56 0.0896774 20 5.56 0.278
0 pr.traffic_n2.txt_out 62 165.97 2.67694 20 165.97 8.2985
0 pr.traffic_src.txt_in 61 351.18 5.75705 20 337.44 16.872
0 pr.traffic_src.txt_out 61 25744.7 422.044 20 25659.3 1282.97
1 pr.traffic_cli.txt_in 61 418.05 6.85328 20 143.88 7.194
1 pr.traffic_cli.txt_out 61 65.26 1.06984 20 23.01 1.1505
1 pr.traffic_dst.txt_in 61 25505.3 418.12 20 25475.7 1273.79
1 pr.traffic_dst.txt_out 61 504.42 8.26918 20 306.7 15.335
1 pr.traffic_n1.txt_in 61 6.09 0.0998361 20 6.09 0.3045
1 pr.traffic_n1.txt_out 61 166.23 2.72508 20 166.23 8.3115
1 pr.traffic_n2.txt_in 61 5.75 0.0942623 20 5.75 0.2875
1 pr.traffic_n2.txt_out 61 165.92 2.72 20 165.92 8.296
1 pr.traffic_src.txt_in 60 331.37 5.52283 20 317.63 15.8815
1 pr.traffic_src.txt_out 60 25366.7 422.778 20 25281.3 1264.07
2 pr.traffic_cli.txt_in 64 436.12 6.81438 23 153.01 6.65261
2 pr.traffic_cli.txt_out 64 68.21 1.06578 23 24.92 1.08348
2 pr.traffic_dst.txt_in 64 26106.9 407.921 23 26078 1133.83
2 pr.traffic_dst.txt_out 64 508.55 7.94609 23 315.37 13.7117
2 pr.traffic_n1.txt_in 64 5.7 0.0890625 23 5.7 0.247826
2 pr.traffic_n1.txt_out 64 165.91 2.59234 23 165.91 7.21348
2 pr.traffic_n2.txt_in 64 5.69 0.0889063 23 5.69 0.247391
2 pr.traffic_n2.txt_out 64 165.99 2.59359 23 165.99 7.21696
2 pr.traffic_src.txt_in 64 344.17 5.37766 23 330.37 14.3639
2 pr.traffic_src.txt_out 64 25993.5 406.148 23 25908 1126.44
3 pr.traffic_cli.txt_in 62 418.03 6.74242 20 134.87 6.7435
3 pr.traffic_cli.txt_out 62 65.32 1.05355 20 21.63 1.0815
3 pr.traffic_dst.txt_in 61 27074.3 443.84 20 27045.3 1352.26
3 pr.traffic_dst.txt_out 61 548.68 8.99475 20 355.51 17.7755
3 pr.traffic_n1.txt_in 61 14.81 0.242787 20 14.81 0.7405
3 pr.traffic_n1.txt_out 61 1036.9 16.9984 20 1036.9 51.845
3 pr.traffic_n2.txt_in 61 14.75 0.241803 20 14.75 0.7375
3 pr.traffic_n2.txt_out 61 1037.23 17.0038 20 1037.23 51.8615
3 pr.traffic_src.txt_in 61 363.78 5.96361 20 350.03 17.5015
3 pr.traffic_src.txt_out 61 25200.2 413.118 20 25114.9 1255.75
4 pr.traffic_cli.txt_in 62 427.15 6.88952 21 148.39 7.06619
4 pr.traffic_cli.txt_out 62 66.61 1.07435 21 23.75 1.13095
4 pr.traffic_dst.txt_in 61 27509.4 450.974 21 27481.2 1308.63
4 pr.traffic_dst.txt_out 61 507.17 8.31426 21 318.5 15.1667
4 pr.traffic_n1.txt_in 62 13.24 0.213548 21 13.24 0.630476
4 pr.traffic_n1.txt_out 62 1037.62 16.7358 21 1037.62 49.4105
4 pr.traffic_n2.txt_in 62 11.81 0.190484 21 11.81 0.562381
4 pr.traffic_n2.txt_out 62 1038.31 16.7469 21 1038.31 49.4433
4 pr.traffic_src.txt_in 61 331.24 5.43016 21 318.95 15.1881
4 pr.traffic_src.txt_out 61 25636.6 420.272 21 25560.2 1217.15
5 pr.traffic_cli.txt_in 64 436 6.8125 24 166.32 6.93
5 pr.traffic_cli.txt_out 64 68.13 1.06453 24 26.56 1.10667
5 pr.traffic_dst.txt_in 64 28107 439.171 24 28078.3 1169.93
5 pr.traffic_dst.txt_out 64 538.35 8.41172 24 349.46 14.5608
5 pr.traffic_n1.txt_in 65 14.76 0.227077 24 14.76 0.615
5 pr.traffic_n1.txt_out 65 1037.3 15.9585 24 1037.3 43.2208
5 pr.traffic_n2.txt_in 65 15.16 0.233231 24 15.16 0.631667
5 pr.traffic_n2.txt_out 65 1036.89 15.9522 24 1036.89 43.2037
5 pr.traffic_src.txt_in 64 360.62 5.63469 24 348.33 14.5137
5 pr.traffic_src.txt_out 64 26250.7 410.167 24 26174.3 1090.6
6 pr.traffic_cli.txt_in 62 422.36 6.81226 21 152.67 7.27
6 pr.traffic_cli.txt_out 62 65.57 1.05758 21 24 1.14286
6 pr.traffic_dst.txt_in 62 45414.2 732.487 21 45379 2160.91
6 pr.traffic_dst.txt_out 62 715.45 11.5395 21 501.43 23.8776
6 pr.traffic_n1.txt_in 62 76.76 1.23806 21 76.76 3.65524
6 pr.traffic_n1.txt_out 62 9725.83 156.868 21 9725.83 463.135
6 pr.traffic_n2.txt_in 63 77.03 1.2227 21 76.97 3.66524
6 pr.traffic_n2.txt_out 63 9730.07 154.446 21 9730.01 463.334
6 pr.traffic_src.txt_in 63 413.74 6.5673 21 380.65 18.1262
6 pr.traffic_src.txt_out 63 26204.4 415.943 21 26121.6 1243.89
7 pr.traffic_cli.txt_in 61 418.19 6.85557 20 148.43 7.4215
7 pr.traffic_cli.txt_out 61 65.41 1.0723 20 23.78 1.189
7 pr.traffic_dst.txt_in 61 44798.2 734.396 20 44768.5 2238.43
7 pr.traffic_dst.txt_out 61 674.66 11.06 20 480.81 24.0405
7 pr.traffic_n1.txt_in 62 59.88 0.965806 20 59.88 2.994
7 pr.traffic_n1.txt_out 62 9729.38 156.925 20 9729.38 486.469
7 pr.traffic_n2.txt_in 62 71.73 1.15694 20 71.67 3.5835
7 pr.traffic_n2.txt_out 62 9729.64 156.93 20 9729.58 486.479
7 pr.traffic_src.txt_in 62 393.51 6.34694 20 378.91 18.9455
7 pr.traffic_src.txt_out 62 25588.8 412.723 20 25496.2 1274.81
8 pr.traffic_cli.txt_in 64 432.05 6.75078 24 166.61 6.94208
8 pr.traffic_cli.txt_out 64 68.5 1.07031 24 27.11 1.12958
8 pr.traffic_dst.txt_in 64 44565.5 696.337 24 44537.2 1855.72
8 pr.traffic_dst.txt_out 64 675.99 10.5623 24 487.24 20.3017
8 pr.traffic_n1.txt_in 65 69.45 1.06846 24 69.45 2.89375
8 pr.traffic_n1.txt_out 65 9724.3 149.605 24 9724.3 405.179
8 pr.traffic_n2.txt_in 65 73.63 1.13277 24 73.57 3.06542
8 pr.traffic_n2.txt_out 65 9728.96 149.676 24 9728.9 405.371
8 pr.traffic_src.txt_in 64 391.67 6.11984 24 379.32 15.805
8 pr.traffic_src.txt_out 64 25386.6 396.666 24 25310.2 1054.59
9 pr.traffic_cli.txt_in 68 453.84 6.67412 27 170.82 6.32667
9 pr.traffic_cli.txt_out 68 70.56 1.03765 27 27.33 1.01222
9 pr.traffic_dst.txt_in 68 218886 3218.92 27 218858 8105.84
9 pr.traffic_dst.txt_out 68 2077.6 30.5529 27 1888.7 69.9519
9 pr.traffic_n1.txt_in 68 718.13 10.5607 27 718.13 26.5974
9 pr.traffic_n1.txt_out 68 96768.1 1423.06 27 96768.1 3584
9 pr.traffic_n2.txt_in 69 739.17 10.7126 27 739.11 27.3744
9 pr.traffic_n2.txt_out 69 96713.7 1401.65 27 96713.6 3581.99
9 pr.traffic_src.txt_in 68 547.28 8.04824 27 533.54 19.7607
9 pr.traffic_src.txt_out 68 26140.7 384.423 27 26055.4 965.014
10 pr.traffic_cli.txt_in 69 453.85 6.57754 29 184.15 6.35
10 pr.traffic_cli.txt_out 69 70.58 1.0229 29 29 1
10 pr.traffic_dst.txt_in 69 218768 3170.55 29 218739 7542.72
10 pr.traffic_dst.txt_out 69 1977.33 28.657 29 1784.11 61.521
10 pr.traffic_n1.txt_in 69 697.12 10.1032 29 697.12 24.0386
10 pr.traffic_n1.txt_out 69 96797.2 1402.86 29 96797.2 3337.83
10 pr.traffic_n2.txt_in 69 639.08 9.26203 29 639.02 22.0352
10 pr.traffic_n2.txt_out 69 96721.5 1401.76 29 96721.5 3335.22
10 pr.traffic_src.txt_in 69 557.99 8.08681 29 545.7 18.8172
10 pr.traffic_src.txt_out 69 26000.8 376.824 29 25924.5 893.948
11 pr.traffic_cli.txt_in 74 481.03 6.50041 32 193.53 6.04781
11 pr.traffic_cli.txt_out 74 75.35 1.01824 32 31.44 0.9825
11 pr.traffic_dst.txt_in 74 219113 2960.98 32 219083 6846.35
11 pr.traffic_dst.txt_out 74 1918.98 25.9322 32 1721.28 53.79
11 pr.traffic_n1.txt_in 74 662.23 8.94905 32 662.23 20.6947
11 pr.traffic_n1.txt_out 74 96815.4 1308.32 32 96815.4 3025.48
11 pr.traffic_n2.txt_in 75 604.95 8.066 32 604.89 18.9028
11 pr.traffic_n2.txt_out 75 96732.4 1289.77 32 96732.4 3022.89
11 pr.traffic_src.txt_in 73 561.96 7.69808 32 548.22 17.1319
11 pr.traffic_src.txt_out 73 26335.2 360.757 32 26249.9 820.309
12 pr.traffic_cli.txt_in 63 427.02 6.7781 22 157.15 7.14318
12 pr.traffic_cli.txt_out 63 66.74 1.05937 22 24.68 1.12182
12 pr.traffic_dst.txt_in 63 26392.8 418.934 22 26363.9 1198.36
12 pr.traffic_dst.txt_out 63 944.62 14.994 22 751.41 34.155
12 pr.traffic_n1.txt_in 63 5.76 0.0914286 22 5.76 0.261818
12 pr.traffic_n1.txt_out 63 166.13 2.63698 22 166.13 7.55136
12 pr.traffic_n2.txt_in 63 5.83 0.0925397 22 5.83 0.265
12 pr.traffic_n2.txt_out 63 166.05 2.63571 22 166.05 7.54773
12 pr.traffic_src.txt_in 63 777.88 12.3473 22 765.59 34.7995
12 pr.traffic_src.txt_out 63 26267 416.936 22 26190.6 1190.48
13 pr.traffic_cli.txt_in 63 435.95 6.91984 21 143.92 6.85333
13 pr.traffic_cli.txt_out 63 67.64 1.07365 21 23.1 1.1
13 pr.traffic_dst.txt_in 62 25713.5 414.734 21 25685.2 1223.11
13 pr.traffic_dst.txt_out 62 921.63 14.865 21 732.95 34.9024
13 pr.traffic_n1.txt_in 64 5.83 0.0910938 21 5.83 0.277619
13 pr.traffic_n1.txt_out 64 165.91 2.59234 21 165.91 7.90048
13 pr.traffic_n2.txt_in 63 5.83 0.0925397 21 5.83 0.277619
13 pr.traffic_n2.txt_out 63 166.06 2.63587 21 166.06 7.90762
13 pr.traffic_src.txt_in 62 759.87 12.256 21 746.13 35.53
13 pr.traffic_src.txt_out 62 25599.2 412.89 21 25513.8 1214.94
14 pr.traffic_cli.txt_in 66 449.81 6.8153 25 179.95 7.198
14 pr.traffic_cli.txt_out 66 70.82 1.07303 25 28.82 1.1528
14 pr.traffic_dst.txt_in 66 25741.1 390.017 25 25712.1 1028.49
14 pr.traffic_dst.txt_out 66 923.23 13.9883 25 730.02 29.2008
14 pr.traffic_n1.txt_in 66 6.03 0.0913636 25 6.03 0.2412
14 pr.traffic_n1.txt_out 66 166.11 2.51682 25 166.11 6.6444
14 pr.traffic_n2.txt_in 66 5.83 0.0883333 25 5.83 0.2332
14 pr.traffic_n2.txt_out 66 166.05 2.51591 25 166.05 6.642
14 pr.traffic_src.txt_in 66 760.63 11.5247 25 748.34 29.9336
14 pr.traffic_src.txt_out 66 25640.1 388.487 25 25563.7 1022.55
15 pr.traffic_cli.txt_in 62 417.86 6.73968 20 134.83 6.7415
15 pr.traffic_cli.txt_out 62 64.8 1.04516 20 21.57 1.0785
15 pr.traffic_dst.txt_in 61 27325 447.95 20 27296 1364.8
15 pr.traffic_dst.txt_out 61 956.56 15.6813 20 763.38 38.169
15 pr.traffic_n1.txt_in 61 13.39 0.219508 20 13.39 0.6695
15 pr.traffic_n1.txt_out 61 1038.44 17.0236 20 1038.44 51.922
15 pr.traffic_n2.txt_in 62 13.31 0.214677 20 13.31 0.6655
15 pr.traffic_n2.txt_out 62 1037.21 16.7292 20 1037.21 51.8605
15 pr.traffic_src.txt_in 61 774.53 12.6972 20 760.79 38.0395
15 pr.traffic_src.txt_out 61 25460.6 417.387 20 25375.2 1268.76
16 pr.traffic_cli.txt_in 61 418 6.85246 20 134.97 6.7485
16 pr.traffic_cli.txt_out 61 64.93 1.06443 20 21.69 1.0845
16 pr.traffic_dst.txt_in 61 27530 451.311 20 27501 1375.05
16 pr.traffic_dst.txt_out 61 957.4 15.6951 20 764.18 38.209
16 pr.traffic_n1.txt_in 61 13.18 0.216066 20 13.18 0.659
16 pr.traffic_n1.txt_out 61 1036.92 16.9987 20 1036.92 51.846
16 pr.traffic_n2.txt_in 63 12.63 0.200476 20 12.63 0.6315
16 pr.traffic_n2.txt_out 63 1036.42 16.4511 20 1036.42 51.821
16 pr.traffic_src.txt_in 61 776.33 12.7267 20 762.59 38.1295
16 pr.traffic_src.txt_out 61 25674.2 420.889 20 25588.9 1279.45
17 pr.traffic_cli.txt_in 66 449.4 6.80909 24 161.83 6.74292
17 pr.traffic_cli.txt_out 66 70.79 1.07258 24 26.88 1.12
17 pr.traffic_dst.txt_in 66 27586.4 417.976 24 27556.8 1148.2
17 pr.traffic_dst.txt_out 66 958.23 14.5186 24 760.55 31.6896
17 pr.traffic_n1.txt_in 66 12.36 0.187273 24 12.36 0.515
17 pr.traffic_n1.txt_out 66 1036.79 15.7089 24 1036.79 43.1996
17 pr.traffic_n2.txt_in 67 12.04 0.179701 24 12.04 0.501667
17 pr.traffic_n2.txt_out 67 1039.47 15.5145 24 1039.47 43.3113
17 pr.traffic_src.txt_in 65 778.75 11.9808 24 765.01 31.8754
17 pr.traffic_src.txt_out 65 25738.5 395.978 24 25653.2 1068.88
18 pr.traffic_cli.txt_in 64 431.73 6.74578 23 152.98 6.6513
18 pr.traffic_cli.txt_out 64 67.96 1.06188 23 24.92 1.08348
18 pr.traffic_dst.txt_in 64 45300.7 707.823 23 45272.3 1968.36
18 pr.traffic_dst.txt_out 64 1143.77 17.8714 23 955.06 41.5243
18 pr.traffic_n1.txt_in 65 83.31 1.28169 23 83.31 3.62217
18 pr.traffic_n1.txt_out 65 9723.26 149.589 23 9723.26 422.75
18 pr.traffic_n2.txt_in 66 90.01 1.36379 23 89.95 3.91087
18 pr.traffic_n2.txt_out 66 9738.03 147.546 23 9737.97 423.39
18 pr.traffic_src.txt_in 64 830.48 12.9763 23 816.74 35.5104
18 pr.traffic_src.txt_out 64 26119.1 408.111 23 26033.8 1131.9
19 pr.traffic_cli.txt_in 64 436.23 6.81609 23 157.48 6.84696
19 pr.traffic_cli.txt_out 64 68.16 1.065 23 25.27 1.0987
19 pr.traffic_dst.txt_in 63 45383.4 720.371 23 45354.6 1971.94
19 pr.traffic_dst.txt_out 63 1128.94 17.9197 23 940.04 40.8713
19 pr.traffic_n1.txt_in 64 73.82 1.15344 23 73.82 3.20957
19 pr.traffic_n1.txt_out 64 9727.46 151.992 23 9727.46 422.933
19 pr.traffic_n2.txt_in 64 83.25 1.30078 23 83.19 3.61696
19 pr.traffic_n2.txt_out 64 9728.56 152.009 23 9728.5 422.978
19 pr.traffic_src.txt_in 63 829.39 13.1649 23 817.1 35.5261
19 pr.traffic_src.txt_out 63 26183.6 415.612 23 26107.2 1135.1
20 pr.traffic_cli.txt_in 66 453.84 6.87636 25 170.89 6.8356
20 pr.traffic_cli.txt_out 66 70.66 1.07061 25 27.4 1.096
20 pr.traffic_dst.txt_in 66 44628.3 676.187 25 44599.5 1783.98
20 pr.traffic_dst.txt_out 66 1089.01 16.5002 25 900.08 36.0032
20 pr.traffic_n1.txt_in 67 69.24 1.03343 25 69.24 2.7696
20 pr.traffic_n1.txt_out 67 9724.77 145.146 25 9724.77 388.991
20 pr.traffic_n2.txt_in 68 73.35 1.07868 25 73.29 2.9316
20 pr.traffic_n2.txt_out 68 9731.97 143.117 25 9731.91 389.276
20 pr.traffic_src.txt_in 66 806.97 12.2268 25 793.22 31.7288
20 pr.traffic_src.txt_out 66 25459.5 385.751 25 25374.2 1014.97
21 pr.traffic_cli.txt_in 70 462.95 6.61357 29 179.82 6.20069
21 pr.traffic_cli.txt_out 70 72.03 1.029 29 28.74 0.991034
21 pr.traffic_dst.txt_in 70 218964 3128.06 29 218935 7549.5
21 pr.traffic_dst.txt_out 70 2529.33 36.1333 29 2336.12 80.5559
21 pr.traffic_n1.txt_in 71 744.05 10.4796 29 744.05 25.6569
21 pr.traffic_n1.txt_out 71 96939.9 1365.35 29 96939.9 3342.75
21 pr.traffic_n2.txt_in 70 718.85 10.2693 29 718.79 24.7859
21 pr.traffic_n2.txt_out 70 96721 1381.73 29 96720.9 3335.2
21 pr.traffic_src.txt_in 70 990.98 14.1569 29 977.18 33.6959
21 pr.traffic_src.txt_out 70 26174.1 373.915 29 26088.7 899.609
22 pr.traffic_cli.txt_in 70 462.99 6.61414 28 175.39 6.26393
22 pr.traffic_cli.txt_out 70 72.06 1.02943 28 28.1 1.00357
22 pr.traffic_dst.txt_in 70 218950 3127.86 28 218921 7818.6
22 pr.traffic_dst.txt_out 70 2337.29 33.3899 28 2139.56 76.4129
22 pr.traffic_n1.txt_in 70 605.79 8.65414 28 605.79 21.6354
22 pr.traffic_n1.txt_out 70 96725.5 1381.79 28 96725.5 3454.48
22 pr.traffic_n2.txt_in 71 647.53 9.12014 28 647.47 23.1239
22 pr.traffic_n2.txt_out 71 96729 1362.38 28 96729 3454.61
22 pr.traffic_src.txt_in 69 991.72 14.3728 28 977.92 34.9257
22 pr.traffic_src.txt_out 69 26246.8 380.389 28 26161.4 934.336
23 pr.traffic_cli.txt_in 76 494.39 6.50513 34 206.8 6.08235
23 pr.traffic_cli.txt_out 76 77.06 1.01395 34 33.11 0.973824
23 pr.traffic_dst.txt_in 75 219512 2926.82 34 219483 6455.39
23 pr.traffic_dst.txt_out 75 2455.27 32.7369 34 2266.54 66.6629
23 pr.traffic_n1.txt_in 76 631.8 8.31316 34 631.8 18.5824
23 pr.traffic_n1.txt_out 76 96829.7 1274.08 34 96829.7 2847.93
23 pr.traffic_n2.txt_in 77 751.61 9.76117 34 751.55 22.1044
23 pr.traffic_n2.txt_out 77 96804.5 1257.2 34 96804.5 2847.19
23 pr.traffic_src.txt_in 75 1000.11 13.3348 34 986.37 29.0109
23 pr.traffic_src.txt_out 75 26641.2 355.216 34 26555.8 781.054
24 pr.traffic_cli.txt_in 64 435.9 6.81094 23 152.83 6.64478
24 pr.traffic_cli.txt_out 64 67.74 1.05844 23 24.55 1.06739
24 pr.traffic_dst.txt_in 64 26036.1 406.815 23 26007.2 1130.75
24 pr.traffic_dst.txt_out 64 934.94 14.6084 23 741.74 32.2496
24 pr.traffic_n1.txt_in 65 5.76 0.0886154 23 5.76 0.250435
24 pr.traffic_n1.txt_out 65 166.04 2.55446 23 166.04 7.21913
24 pr.traffic_n2.txt_in 64 5.9 0.0921875 23 5.9 0.256522
24 pr.traffic_n2.txt_out 64 166.04 2.59438 23 166.04 7.21913
24 pr.traffic_src.txt_in 64 769.86 12.0291 23 756.12 32.8748
24 pr.traffic_src.txt_out 64 25920.9 405.013 23 25835.5 1123.28
25 pr.traffic_cli.txt_in 62 422.59 6.81597 21 148.42 7.06762
25 pr.traffic_cli.txt_out 62 66.02 1.06484 21 24.02 1.14381
25 pr.traffic_dst.txt_in 63 25549.6 405.549 21 25520.6 1215.27
25 pr.traffic_dst.txt_out 63 921.91 14.6335 21 728.74 34.7019
25 pr.traffic_n1.txt_in 62 5.76 0.0929032 21 5.76 0.274286
25 pr.traffic_n1.txt_out 62 165.9 2.67581 21 165.9 7.9
25 pr.traffic_n2.txt_in 62 5.83 0.0940323 21 5.83 0.277619
25 pr.traffic_n2.txt_out 62 165.99 2.67726 21 165.99 7.90429
25 pr.traffic_src.txt_in 62 754.99 12.1773 21 741.25 35.2976
25 pr.traffic_src.txt_out 62 25429.4 410.152 21 25344.1 1206.86
26 pr.traffic_cli.txt_in 68 463.07 6.80985 27 188.86 6.99481
26 pr.traffic_cli.txt_out 68 72.44 1.06529 27 30.2 1.11852
26 pr.traffic_dst.txt_in 69 25996.2 376.756 27 25966.5 961.724
26 pr.traffic_dst.txt_out 69 928.98 13.4635 27 731.27 27.0841
26 pr.traffic_n1.txt_in 68 5.63 0.0827941 27 5.63 0.208519
26 pr.traffic_n1.txt_out 68 165.96 2.44059 27 165.96 6.14667
26 pr.traffic_n2.txt_in 68 5.76 0.0847059 27 5.76 0.213333
26 pr.traffic_n2.txt_out 68 165.98 2.44088 27 165.98 6.14741
26 pr.traffic_src.txt_in 67 763.61 11.3972 27 749.87 27.773
26 pr.traffic_src.txt_out 67 25895.5 386.5 27 25810.1 955.93
27 pr.traffic_cli.txt_in 64 435.92 6.81125 23 152.85 6.64565
27 pr.traffic_cli.txt_out 64 67.73 1.05828 23 24.55 1.06739
27 pr.traffic_dst.txt_in 64 27472.9 429.264 23 27443.9 1193.21
27 pr.traffic_dst.txt_out 64 961.69 15.0264 23 768.52 33.4139
27 pr.traffic_n1.txt_in 64 15.22 0.237813 23 15.22 0.661739
27 pr.traffic_n1.txt_out 64 1037.14 16.2053 23 1037.14 45.093
27 pr.traffic_n2.txt_in 64 15.43 0.241094 23 15.43 0.67087
27 pr.traffic_n2.txt_out 64 1037.07 16.2042 23 1037.07 45.09
27 pr.traffic_src.txt_in 64 778.61 12.1658 23 764.87 33.2552
27 pr.traffic_src.txt_out 64 25621.4 400.335 23 25536.1 1110.26
28 pr.traffic_cli.txt_in 64 440.42 6.88156 22 152.85 6.94773
28 pr.traffic_cli.txt_out 64 68.44 1.06937 22 24.48 1.11273
28 pr.traffic_dst.txt_in 63 27586.2 437.876 22 27557.9 1252.63
28 pr.traffic_dst.txt_out 63 954.98 15.1584 22 766.3 34.8318
28 pr.traffic_n1.txt_in 64 12.02 0.187812 22 12.02 0.546364
28 pr.traffic_n1.txt_out 64 1038.36 16.2244 22 1038.36 47.1982
28 pr.traffic_n2.txt_in 64 12.53 0.195781 22 12.53 0.569545
28 pr.traffic_n2.txt_out 64 1039.37 16.2402 22 1039.37 47.2441
28 pr.traffic_src.txt_in 63 780.47 12.3884 22 766.67 34.8486
28 pr.traffic_src.txt_out 63 25719 408.237 22 25633.5 1165.16
29 pr.traffic_cli.txt_in 67 458.7 6.84627 25 166.62 6.6648
29 pr.traffic_cli.txt_out 67 71.69 1.07 25 27.17 1.0868
29 pr.traffic_dst.txt_in 66 27574.2 417.79 25 27545.9 1101.84
29 pr.traffic_dst.txt_out 66 946.51 14.3411 25 757.78 30.3112
29 pr.traffic_n1.txt_in 67 14.2 0.21194 25 14.2 0.568
29 pr.traffic_n1.txt_out 67 1037.13 15.4796 25 1037.13 41.4852
29 pr.traffic_n2.txt_in 68 13.73 0.201912 25 13.73 0.5492
29 pr.traffic_n2.txt_out 68 1036.59 15.244 25 1036.59 41.4636
29 pr.traffic_src.txt_in 66 773.2 11.7152 25 759.46 30.3784
29 pr.traffic_src.txt_out 66 25733.1 389.896 25 25647.7 1025.91
30 pr.traffic_cli.txt_in 64 431.48 6.74188 24 161.71 6.73792
30 pr.traffic_cli.txt_out 64 67.01 1.04703 24 25.44 1.06
30 pr.traffic_dst.txt_in 64 45745.1 714.767 24 45716 1904.84
30 pr.traffic_dst.txt_out 64 1146.34 17.9116 24 953.13 39.7137
30 pr.traffic_n1.txt_in 64 82.04 1.28188 24 82.04 3.41833
30 pr.traffic_n1.txt_out 64 9733.04 152.079 24 9733.04 405.543
30 pr.traffic_n2.txt_in 65 79.94 1.22985 24 79.88 3.32833
30 pr.traffic_n2.txt_out 65 9729.93 149.691 24 9729.87 405.411
30 pr.traffic_src.txt_in 64 837.85 13.0914 24 825.56 34.3983
30 pr.traffic_src.txt_out 64 26530.7 414.542 24 26454.3 1102.26
31 pr.traffic_cli.txt_in 65 440.81 6.78169 24 166.45 6.93542
31 pr.traffic_cli.txt_out 65 69.09 1.06292 24 26.68 1.11167
31 pr.traffic_dst.txt_in 65 45170.1 694.925 24 45140.4 1880.85
31 pr.traffic_dst.txt_out 65 1112.4 17.1138 24 914.7 38.1125
31 pr.traffic_n1.txt_in 65 64.1 0.986154 24 64.1 2.67083
31 pr.traffic_n1.txt_out 65 9726.21 149.634 24 9726.21 405.259
31 pr.traffic_n2.txt_in 65 76.84 1.18215 24 76.78 3.19917
31 pr.traffic_n2.txt_out 65 9732.32 149.728 24 9732.26 405.511
31 pr.traffic_src.txt_in 64 821.27 12.8323 24 808.8 33.7
31 pr.traffic_src.txt_out 64 25993.1 406.143 24 25916.6 1079.86
32 pr.traffic_cli.txt_in 69 454.11 6.5813 28 184.36 6.58429
32 pr.traffic_cli.txt_out 69 71.06 1.02986 28 29.49 1.05321
32 pr.traffic_dst.txt_in 70 45752.8 653.611 28 45723.8 1632.99
32 pr.traffic_dst.txt_out 70 1129.1 16.13 28 935.91 33.4254
32 pr.traffic_n1.txt_in 69 65.9 0.955072 28 65.9 2.35357
32 pr.traffic_n1.txt_out 69 9726.01 140.957 28 9726.01 347.358
32 pr.traffic_n2.txt_in 69 85.65 1.2413 28 85.65 3.05893
32 pr.traffic_n2.txt_out 69 9734.6 141.081 28 9734.6 347.664
32 pr.traffic_src.txt_in 69 834.59 12.0955 28 820.85 29.3161
32 pr.traffic_src.txt_out 69 26571.3 385.092 28 26486 945.927
33 pr.traffic_cli.txt_in 71 467.7 6.58732 30 197.9 6.59667
33 pr.traffic_cli.txt_out 71 73.3 1.03239 30 31.68 1.056
33 pr.traffic_dst.txt_in 72 218613 3036.3 30 218584 7286.14
33 pr.traffic_dst.txt_out 72 2508.81 34.8446 30 2315.58 77.186
33 pr.traffic_n1.txt_in 71 729.99 10.2815 30 729.99 24.333
33 pr.traffic_n1.txt_out 71 96804.5 1363.44 30 96804.5 3226.82
33 pr.traffic_n2.txt_in 71 720.84 10.1527 30 720.78 24.026
33 pr.traffic_n2.txt_out 71 96748.4 1362.65 30 96748.3 3224.94
33 pr.traffic_src.txt_in 71 981.26 13.8206 30 967.46 32.2487
33 pr.traffic_src.txt_out 71 25814.1 363.578 30 25728.6 857.621
34 pr.traffic_cli.txt_in 70 463.26 6.618 29 188.98 6.51655
34 pr.traffic_cli.txt_out 70 72.58 1.03686 29 30.28 1.04414
34 pr.traffic_dst.txt_in 70 218827 3126.1 29 218798 7544.74
34 pr.traffic_dst.txt_out 70 2346.97 33.5281 29 2149.27 74.1128
34 pr.traffic_n1.txt_in 70 668.61 9.55157 29 668.61 23.0555
34 pr.traffic_n1.txt_out 70 96825.6 1383.22 29 96825.6 3338.81
34 pr.traffic_n2.txt_in 70 604.6 8.63714 29 604.54 20.8462
34 pr.traffic_n2.txt_out 70 96756.3 1382.23 29 96756.3 3336.42
34 pr.traffic_src.txt_in 69 982.88 14.2446 29 970.53 33.4666
34 pr.traffic_src.txt_out 69 26003.7 376.865 29 25927.2 894.042
35 pr.traffic_cli.txt_in 77 498.81 6.47805 36 224.59 6.23861
35 pr.traffic_cli.txt_out 77 77.69 1.00896 36 35.44 0.984444
35 pr.traffic_dst.txt_in 77 219408 2849.45 36 219378 6093.83
35 pr.traffic_dst.txt_out 77 2369.84 30.7771 36 2172.09 60.3358
35 pr.traffic_n1.txt_in 77 647.95 8.41494 36 647.95 17.9986
35 pr.traffic_n1.txt_out 77 96828.5 1257.51 36 96828.5 2689.68
35 pr.traffic_n2.txt_in 77 643.61 8.35857 36 643.55 17.8764
35 pr.traffic_n2.txt_out 77 96748 1256.47 36 96748 2687.44
35 pr.traffic_src.txt_in 76 994.45 13.0849 36 980.71 27.2419
35 pr.traffic_src.txt_out 76 26685.4 351.124 36 26600.1 738.891
