1582841507 867
1582841507 122
1582841507 39
1582841507 28
1582841507 80
1582841508 46
1582841508 91
1582841509 93
1582841509 47
1582841510 33
1582841510 28
1582841511 99
1582841511 85
1582841512 88
1582841512 24
1582841513 23
1582841513 23
1582841514 76
1582841514 49
1582841515 22
1582841515 71
1582841516 81
1582841516 32
1582841517 45
1582841517 25
1582841518 32
1582841518 103
1582841519 80
1582841519 87
1582841520 73
1582841520 31
1582841521 88
1582841521 97
1582841522 36
1582841522 95
1582841523 27
1582841523 38
1582841524 73
1582841524 61
1582841525 104
1582841525 85
1582841526 36
