1582841423 804
1582841423 121
1582841423 37
1582841423 27
1582841423 80
1582841424 46
1582841424 91
1582841425 93
1582841425 47
1582841426 33
1582841426 28
1582841427 99
1582841427 85
1582841428 87
1582841428 24
1582841429 22
1582841429 23
1582841430 75
1582841430 49
1582841431 22
1582841431 71
1582841432 81
1582841432 32
1582841433 45
1582841433 25
1582841434 32
1582841434 103
1582841435 80
1582841435 87
1582841436 72
1582841436 31
1582841437 88
1582841437 96
1582841438 36
1582841438 95
1582841439 26
1582841439 37
1582841440 73
1582841440 61
1582841441 104
1582841441 84
