1582841852 945
1582841852 120
1582841852 38
1582841852 29
1582841852 80
1582841852 46
1582841853 90
1582841853 94
1582841854 46
1582841854 33
1582841855 29
1582841855 99
1582841856 85
1582841856 88
1582841857 24
1582841857 22
1582841858 24
1582841858 75
1582841859 50
1582841859 22
1582841860 70
1582841860 82
1582841861 32
1582841861 46
1582841862 25
1582841862 32
1582841863 103
1582841863 80
1582841864 87
1582841864 74
1582841865 31
1582841865 88
1582841866 97
1582841866 36
1582841867 96
1582841867 27
1582841868 37
1582841868 73
1582841869 61
1582841869 105
1582841870 85
1582841870 37
