1582841942 693
1582841943 120
1582841943 38
1582841943 29
1582841943 80
1582841943 46
1582841944 91
1582841944 93
1582841945 47
1582841945 33
1582841946 29
1582841946 99
1582841947 86
1582841947 87
1582841948 25
1582841948 22
1582841949 23
1582841949 76
1582841950 49
1582841950 23
1582841951 70
1582841951 82
1582841952 32
1582841952 46
1582841953 25
1582841953 32
1582841954 103
1582841954 81
1582841955 87
1582841955 73
1582841956 31
1582841956 88
1582841957 96
1582841957 36
1582841958 96
1582841958 27
1582841959 38
1582841959 73
1582841960 61
1582841960 104
1582841961 84
1582841961 37
