1582844265 1023
1582844265 120
1582844265 39
1582844265 29
1582844265 80
1582844265 46
1582844266 91
1582844266 93
1582844266 47
1582844267 33
1582844267 29
1582844268 98
1582844269 86
1582844269 88
1582844269 25
1582844270 23
1582844270 23
1582844271 76
1582844271 49
1582844272 23
1582844272 71
1582844273 82
1582844273 32
1582844274 45
1582844274 26
1582844275 31
1582844276 104
1582844276 80
1582844277 88
1582844277 74
1582844277 31
1582844278 89
1582844279 96
1582844279 37
1582844280 95
1582844280 28
1582844280 37
1582844281 74
1582844281 61
1582844282 105
1582844283 85
1582844283 37
