1582844370 683
1582844371 119
1582844371 37
1582844371 29
1582844371 80
1582844371 46
1582844372 91
1582844372 93
1582844373 47
1582844373 32
1582844374 30
1582844374 99
1582844375 85
1582844375 88
1582844376 25
1582844376 22
1582844377 24
1582844377 75
1582844378 49
1582844378 22
1582844379 71
1582844379 81
1582844380 33
1582844380 45
1582844381 26
1582844381 31
1582844382 103
1582844382 80
1582844383 87
1582844383 74
1582844384 31
1582844384 88
1582844385 97
1582844385 36
1582844386 96
1582844386 27
1582844387 38
1582844387 73
1582844388 61
1582844388 105
1582844389 85
1582844389 36
