1582842030 875
1582842030 122
1582842030 38
1582842030 30
1582842030 81
1582842031 47
1582842031 92
1582842032 93
1582842032 47
1582842033 33
1582842033 29
1582842034 99
1582842034 86
1582842035 87
1582842035 25
1582842036 22
1582842036 24
1582842037 75
1582842037 50
1582842038 22
1582842038 71
1582842039 81
1582842039 32
1582842040 45
1582842040 25
1582842041 32
1582842041 103
1582842042 80
1582842042 88
1582842043 73
1582842043 32
1582842044 88
1582842044 97
1582842045 36
1582842045 95
1582842046 27
1582842046 38
1582842047 73
1582842047 61
1582842048 105
1582842048 136
1582842049 36
