1582989499 1051
1582989499 65
1582989499 96
1582989499 101
1582989499 69
1582989499 59
1582989499 40
1582989500 50
1582989500 22
1582989501 54
1582989501 27
1582989502 61
1582989502 35
1582989503 73
1582989503 90
1582989504 50
1582989504 35
1582989505 53
1582989505 70
1582989506 105
1582989506 56
1582989507 38
1582989507 82
1582989508 35
1582989508 48
1582989509 73
1582989509 78
1582989510 33
1582989510 55
1582989511 63
1582989511 107
1582989512 77
1582989512 18
1582989513 90
1582989513 25
1582989514 24
1582989514 23
1582989515 65
1582989515 90
1582989516 89
1582989517 230
1582989517 28
