1582842218 688
1582842218 119
1582842218 40
1582842218 28
1582842218 80
1582842219 45
1582842219 91
1582842220 93
1582842220 47
1582842221 33
1582842221 29
1582842222 99
1582842222 85
1582842223 88
1582842223 24
1582842224 22
1582842224 24
1582842225 75
1582842225 50
1582842226 23
1582842226 70
1582842227 81
1582842227 32
1582842228 46
1582842228 26
1582842229 32
1582842229 104
1582842230 80
1582842230 87
1582842231 74
1582842231 32
1582842232 88
1582842232 97
1582842233 36
1582842233 96
1582842234 27
1582842234 38
1582842235 74
1582842235 62
1582842236 105
1582842236 85
