1582843304 937
1582843304 125
1582843304 39
1582843304 29
1582843304 80
1582843304 46
1582843305 92
1582843305 93
1582843306 47
1582843306 33
1582843307 686
1582843307 99
1582843308 86
1582843308 88
1582843309 25
1582843309 22
1582843310 24
1582843310 75
1582843311 50
1582843311 22
1582843312 72
1582843312 81
1582843313 33
1582843313 46
1582843314 26
1582843314 32
1582843315 104
1582843315 80
1582843316 88
1582843316 73
1582843317 32
1582843317 88
1582843318 97
1582843318 36
1582843319 96
1582843319 27
1582843320 37
1582843320 73
1582843321 61
1582843321 104
1582843322 85
1582843322 37
