1582841762 832
1582841762 121
1582841762 38
1582841762 28
1582841762 80
1582841762 46
1582841763 92
1582841763 93
1582841764 47
1582841764 33
1582841765 28
1582841765 99
1582841766 85
1582841766 88
1582841767 24
1582841767 23
1582841768 23
1582841768 76
1582841769 49
1582841769 23
1582841770 71
1582841770 81
1582841771 32
1582841771 45
1582841772 25
1582841772 31
1582841773 104
1582841773 80
1582841774 88
1582841774 73
1582841775 32
1582841775 88
1582841776 96
1582841776 36
1582841777 95
1582841777 27
1582841778 37
1582841778 74
1582841779 61
1582841779 104
1582841780 84
1582841780 37
