1582992035 1059
1582992035 71
1582992035 25
1582992035 92
1582992035 84
1582992035 60
1582992036 45
1582992036 34
1582992037 99
1582992037 84
1582992038 87
1582992038 88
1582992039 24
1582992039 92
1582992040 92
1582992040 64
1582992041 94
1582992041 19
1582992042 92
1582992042 40
1582992043 91
1582992043 90
1582992044 40
1582992044 23
1582992045 67
1582992045 61
1582992046 43
1582992046 101
1582992047 108
1582992047 65
1582992048 100
1582992048 63
1582992049 39
1582992049 93
1582992050 65
1582992050 42
1582992051 47
1582992051 108
1582992052 99
1582992052 45
1582992053 109
1582992053 69
