1582844155 811
1582844155 124
1582844155 39
1582844155 30
1582844155 81
1582844155 47
1582844156 91
1582844156 94
1582844157 47
1582844157 33
1582844158 30
1582844158 99
1582844159 86
1582844159 88
1582844160 24
1582844160 23
1582844161 23
1582844161 76
1582844162 50
1582844162 23
1582844163 583
1582844163 81
1582844164 33
1582844164 47
1582844165 25
1582844165 32
1582844166 104
1582844166 81
1582844167 87
1582844167 73
1582844168 32
1582844168 88
1582844169 96
1582844169 36
1582844170 95
1582844170 28
1582844171 38
1582844171 74
1582844172 61
1582844172 104
1582844173 85
1582844173 37
