1582989306 717
1582989306 37
1582989306 105
1582989306 60
1582989306 83
1582989307 36
1582989307 80
1582989308 29
1582989308 91
1582989309 87
1582989309 38
1582989310 107
1582989310 52
1582989311 51
1582989311 67
1582989312 44
1582989312 95
1582989313 51
1582989313 42
1582989314 24
1582989314 42
1582989315 52
1582989315 25
1582989316 104
1582989316 43
1582989317 96
1582989317 63
1582989318 27
1582989318 63
1582989319 27
1582989319 49
1582989320 44
1582989320 89
1582989321 59
1582989321 18
1582989322 41
1582989322 25
1582989323 22
1582989323 22
1582989324 75
1582989324 26
