1582998480 1234
1582998480 119
1582998480 48
1582998480 107
1582998480 33
1582998480 107
1582998481 36
1582998481 72
1582998482 68
1582998482 70
1582998483 21
1582998483 51
1582998484 73
1582998484 94
1582998485 38
1582998485 67
1582998486 92
1582998486 102
1582998487 25
1582998487 64
1582998488 69
1582998488 107
1582998489 69
1582998489 35
1582998490 98
1582998490 39
1582998491 22
1582998491 60
1582998492 21
1582998492 104
1582998493 106
1582998493 81
1582998494 26
1582998494 96
1582998495 20
1582998495 57
1582998496 46
1582998496 32
1582998497 54
1582998497 44
1582998498 55
1582998498 99
