1582842819 670
1582842819 119
1582842819 39
1582842819 28
1582842819 80
1582842820 45
1582842820 91
1582842821 92
1582842821 47
1582842821 32
1582842822 28
1582842823 99
1582842823 86
1582842824 88
1582842824 25
1582842824 22
1582842825 24
1582842826 75
1582842826 50
1582842826 22
1582842827 71
1582842828 81
1582842828 32
1582842829 46
1582842829 26
1582842830 32
1582842830 104
1582842831 80
1582842831 88
1582842832 73
1582842832 32
1582842833 91
1582842833 96
1582842834 36
1582842834 95
1582842835 27
1582842835 37
1582842836 73
1582842836 62
1582842837 104
1582842837 85
