1582843415 718
1582843415 121
1582843415 38
1582843415 28
1582843415 80
1582843416 47
1582843416 91
1582843417 93
1582843417 47
1582843418 33
1582843418 30
1582843419 99
1582843419 86
1582843420 87
1582843420 25
1582843421 24
1582843421 23
1582843422 76
1582843422 49
1582843423 23
1582843423 71
1582843424 82
1582843424 33
1582843425 46
1582843425 25
1582843426 31
1582843426 104
1582843427 80
1582843427 88
1582843428 73
1582843428 31
1582843429 89
1582843429 96
1582843430 36
1582843430 96
1582843431 28
1582843431 37
1582843432 74
1582843432 61
1582843433 105
1582843433 85
