1582844678 702
1582844678 118
1582844678 39
1582844678 29
1582844678 80
1582844679 46
1582844679 92
1582844680 93
1582844680 47
1582844681 33
1582844681 28
1582844682 99
1582844682 85
1582844683 88
1582844683 25
1582844684 23
1582844684 23
1582844685 76
1582844685 49
1582844686 23
1582844686 71
1582844687 82
1582844687 33
1582844688 45
1582844688 26
1582844689 32
1582844689 103
1582844690 81
1582844690 87
1582844691 74
1582844691 31
1582844692 88
1582844692 96
1582844693 36
1582844693 95
1582844694 28
1582844694 37
1582844695 74
1582844695 62
1582844696 105
1582844696 85
1582844697 37
