1582990493 1096
1582990493 46
1582990493 61
1582990493 41
1582990493 18
1582990494 29
1582990494 90
1582990495 76
1582990495 45
1582990496 92
1582990496 88
1582990497 50
1582990497 49
1582990498 78
1582990498 75
1582990499 97
1582990499 99
1582990500 63
1582990500 53
1582990501 42
1582990501 30
1582990502 19
1582990502 88
1582990503 67
1582990503 91
1582990504 54
1582990504 40
1582990505 87
1582990505 99
1582990506 95
1582990506 19
1582990507 70
1582990507 19
1582990508 67
1582990508 70
1582990509 59
1582990509 32
1582990510 84
1582990510 23
1582990511 103
1582990511 41
1582990512 93
