1582842629 978
1582842629 120
1582842629 39
1582842629 28
1582842629 81
1582842630 46
1582842630 91
1582842631 93
1582842631 47
1582842632 33
1582842632 29
1582842633 99
1582842633 85
1582842634 88
1582842634 24
1582842635 23
1582842635 23
1582842636 76
1582842636 49
1582842637 23
1582842638 654
1582842638 81
1582842638 32
1582842639 45
1582842639 26
1582842640 31
1582842640 104
1582842641 80
1582842641 88
1582842642 73
1582842642 32
1582842643 88
1582842643 97
1582842644 36
1582842644 96
1582842645 27
1582842645 38
1582842646 73
1582842646 62
1582842647 104
1582842647 85
1582842648 37
