1582842525 590
1582842525 120
1582842525 38
1582842525 27
1582842525 80
1582842526 46
1582842526 92
1582842527 93
1582842527 47
1582842528 32
1582842528 30
1582842529 99
1582842529 86
1582842530 88
1582842530 24
1582842531 23
1582842531 24
1582842532 76
1582842532 50
1582842533 23
1582842533 71
1582842534 82
1582842534 33
1582842535 45
1582842535 26
1582842536 31
1582842536 104
1582842537 80
1582842537 88
1582842538 73
1582842538 32
1582842539 88
1582842539 97
1582842540 36
1582842540 95
1582842541 27
1582842541 37
1582842542 73
1582842542 62
1582842543 104
1582842543 85
1582842544 36
