1582990785 1233
1582990785 37
1582990785 63
1582990785 41
1582990785 18
1582990785 29
1582990786 89
1582990786 77
1582990787 45
1582990787 91
1582990788 89
1582990788 50
1582990789 49
1582990789 78
1582990790 75
1582990790 97
1582990791 205
1582990791 63
1582990792 53
1582990792 42
1582990792 30
1582990793 19
1582990794 88
1582990794 67
1582990795 91
1582990795 54
1582990796 40
1582990796 87
1582990797 99
1582990797 95
1582990797 18
1582990798 71
1582990798 18
1582990799 67
1582990800 69
1582990800 59
1582990801 32
1582990801 84
1582990801 22
1582990802 104
1582990803 41
1582990803 93
