1582991581 1089
1582991581 90
1582991581 63
1582991581 25
1582991582 37
1582991582 87
1582991582 99
1582991583 38
1582991583 42
1582991584 82
1582991584 100
1582991585 30
1582991585 65
1582991586 96
1582991586 35
1582991587 25
1582991587 69
1582991588 90
1582991588 65
1582991589 86
1582991589 96
1582991590 24
1582991590 75
1582991591 32
1582991591 90
1582991592 21
1582991592 94
1582991593 83
1582991593 33
1582991594 87
1582991594 103
1582991595 108
1582991595 74
1582991596 95
1582991596 36
1582991597 66
1582991597 70
1582991598 80
1582991598 74
1582991599 61
1582991599 32
1582991600 20
