1582991366 774
1582991366 87
1582991366 62
1582991366 25
1582991366 36
1582991367 88
1582991367 97
1582991368 38
1582991368 42
1582991369 82
1582991369 100
1582991370 29
1582991370 65
1582991371 96
1582991371 34
1582991372 26
1582991372 68
1582991373 91
1582991373 65
1582991374 85
1582991374 96
1582991375 23
1582991375 75
1582991376 31
1582991376 89
1582991377 22
1582991377 93
1582991378 84
1582991378 32
1582991379 86
1582991379 103
1582991380 107
1582991380 74
1582991381 94
1582991381 37
1582991382 66
1582991382 69
1582991383 81
1582991383 73
1582991384 61
1582991384 32
1582991385 19
