1582843531 1298
1582843531 121
1582843531 39
1582843531 29
1582843531 81
1582843531 46
1582843531 93
1582843532 93
1582843532 47
1582843533 33
1582843533 30
1582843534 98
1582843534 86
1582843535 88
1582843535 25
1582843536 23
1582843536 23
1582843537 76
1582843537 49
1582843538 23
1582843538 71
1582843539 82
1582843539 33
1582843540 46
1582843540 26
1582843541 32
1582843541 103
1582843542 81
1582843542 87
1582843543 74
1582843543 31
1582843544 89
1582843544 96
1582843545 37
1582843545 96
1582843546 28
1582843546 38
1582843547 73
1582843547 61
1582843548 104
1582843548 85
1582843549 37
