1582844049 681
1582844049 119
1582844049 38
1582844049 29
1582844049 80
1582844050 46
1582844050 91
1582844051 93
1582844051 47
1582844052 33
1582844052 30
1582844053 99
1582844053 85
1582844054 88
1582844054 24
1582844055 24
1582844055 23
1582844056 77
1582844056 49
1582844057 22
1582844057 71
1582844058 82
1582844058 33
1582844059 45
1582844059 26
1582844060 31
1582844060 104
1582844061 80
1582844061 88
1582844062 73
1582844062 31
1582844063 88
1582844063 96
1582844064 36
1582844064 95
1582844065 28
1582844065 38
1582844066 73
1582844066 62
1582844067 104
1582844067 86
1582844068 36
