1582844475 750
1582844476 122
1582844476 39
1582844476 29
1582844476 80
1582844476 46
1582844477 92
1582844477 93
1582844478 47
1582844478 33
1582844479 29
1582844479 99
1582844480 85
1582844480 88
1582844481 25
1582844481 23
1582844482 24
1582844482 76
1582844483 50
1582844483 23
1582844484 71
1582844484 81
1582844485 33
1582844485 46
1582844486 25
1582844486 32
1582844487 104
1582844487 81
1582844488 88
1582844488 74
1582844489 32
1582844489 88
1582844490 97
1582844490 36
1582844491 96
1582844491 27
1582844492 38
1582844492 74
1582844493 62
1582844493 104
1582844494 85
1582844494 36
