1582842312 892
1582842312 122
1582842312 41
1582842312 29
1582842312 80
1582842312 46
1582842313 91
1582842313 93
1582842314 47
1582842314 32
1582842315 29
1582842315 99
1582842316 86
1582842316 88
1582842317 25
1582842317 22
1582842318 24
1582842318 76
1582842319 50
1582842319 23
1582842320 71
1582842320 82
1582842321 32
1582842321 46
1582842322 25
1582842322 32
1582842323 103
1582842323 81
1582842324 87
1582842324 74
1582842325 31
1582842325 89
1582842326 96
1582842326 37
1582842327 96
1582842327 28
1582842328 37
1582842328 73
1582842329 61
1582842329 104
1582842330 85
1582842330 36
