1582843855 892
1582843856 123
1582843856 40
1582843856 28
1582843856 82
1582843856 46
1582843857 92
1582843857 94
1582843858 48
1582843858 32
1582843859 29
1582843859 99
1582843860 87
1582843860 88
1582843861 25
1582843861 23
1582843862 23
1582843862 76
1582843863 49
1582843863 23
1582843864 71
1582843864 82
1582843865 33
1582843865 46
1582843866 26
1582843866 32
1582843867 103
1582843867 81
1582843868 87
1582843868 74
1582843869 31
1582843869 89
1582843870 96
1582843870 37
1582843871 96
1582843871 27
1582843872 37
1582843872 73
1582843873 61
1582843873 104
1582843874 85
1582843874 37
