1582843197 954
1582843197 126
1582843197 39
1582843197 28
1582843197 80
1582843197 46
1582843198 92
1582843198 93
1582843199 47
1582843199 33
1582843200 29
1582843200 100
1582843201 86
1582843201 88
1582843202 25
1582843202 23
1582843203 24
1582843203 76
1582843204 49
1582843204 23
1582843205 71
1582843205 82
1582843206 33
1582843206 45
1582843207 26
1582843207 32
1582843208 104
1582843208 81
1582843209 87
1582843209 74
1582843210 31
1582843210 89
1582843211 97
1582843211 37
1582843212 96
1582843212 27
1582843213 38
1582843213 74
1582843214 61
1582843214 105
1582843215 85
1582843215 37
