1582841596 1109
1582841596 121
1582841596 42
1582841596 29
1582841596 79
1582841596 46
1582841597 91
1582841597 93
1582841598 47
1582841598 32
1582841599 29
1582841599 98
1582841600 86
1582841600 87
1582841601 25
1582841601 22
1582841602 24
1582841602 75
1582841603 49
1582841603 22
1582841604 70
1582841604 81
1582841605 32
1582841605 45
1582841606 25
1582841606 32
1582841607 103
1582841607 81
1582841608 87
1582841608 74
1582841609 31
1582841609 88
1582841610 96
1582841610 36
1582841611 95
1582841611 27
1582841612 38
1582841612 73
1582841613 61
1582841613 104
1582841614 84
1582841614 37
