1582843011 1009
1582843011 123
1582843011 38
1582843011 28
1582843011 80
1582843011 47
1582843012 92
1582843012 93
1582843013 47
1582843013 33
1582843014 29
1582843014 99
1582843015 86
1582843015 87
1582843016 25
1582843016 22
1582843017 24
1582843017 75
1582843018 50
1582843018 23
1582843019 71
1582843019 82
1582843020 32
1582843020 46
1582843021 26
1582843021 31
1582843022 104
1582843022 80
1582843023 88
1582843023 73
1582843024 32
1582843024 89
1582843025 96
1582843025 36
1582843026 96
1582843026 27
1582843027 37
1582843027 74
1582843028 62
1582843028 104
1582843029 85
1582843029 37
