1582990989 939
1582990989 42
1582990989 61
1582990989 39
1582990989 19
1582990990 31
1582990990 89
1582990991 77
1582990991 45
1582990992 92
1582990992 88
1582990993 51
1582990993 48
1582990994 79
1582990994 75
1582990995 97
1582990995 100
1582990996 63
1582990996 54
1582990997 43
1582990998 877
1582990998 20
1582990998 88
1582990999 67
1582990999 91
1582991000 53
1582991000 40
1582991001 86
1582991001 99
1582991002 95
1582991002 18
1582991003 71
1582991003 19
1582991004 68
1582991004 70
1582991005 59
1582991005 32
1582991006 84
1582991006 23
1582991007 103
1582991007 42
