1582885756 773
1582885756 98
1582885756 48
1582885756 40
1582885756 107
1582885757 29
1582885757 73
1582885758 20
1582885758 79
1582885759 70
1582885759 49
1582885760 46
1582885760 92
1582885761 33
1582885761 92
1582885762 38
1582885762 89
1582885763 106
1582885763 93
1582885764 51
1582885764 103
1582885765 49
1582885765 70
1582885766 38
1582885766 86
1582885767 89
1582885767 90
1582885768 36
1582885768 92
1582885769 44
1582885769 62
1582885770 36
1582885770 47
1582885771 26
1582885771 32
1582885772 24
1582885772 92
1582885773 32
1582885773 68
1582885774 81
1582885774 34
