1582991833 1092
1582991833 75
1582991833 29
1582991834 93
1582991834 83
1582991834 60
1582991834 45
1582991835 36
1582991835 99
1582991836 85
1582991836 87
1582991837 88
1582991837 23
1582991838 93
1582991838 92
1582991839 64
1582991839 94
1582991840 20
1582991840 92
1582991841 41
1582991841 90
1582991842 89
1582991842 40
1582991843 22
1582991843 67
1582991844 60
1582991844 43
1582991845 101
1582991845 108
1582991846 64
1582991846 100
1582991847 64
1582991847 38
1582991848 94
1582991848 65
1582991849 43
1582991849 46
1582991850 108
1582991850 99
1582991851 45
1582991851 108
1582991852 70
