1582843644 973
1582843644 117
1582843644 39
1582843644 28
1582843644 81
1582843645 46
1582843645 91
1582843646 93
1582843646 47
1582843646 33
1582843647 30
1582843648 99
1582843648 86
1582843649 87
1582843649 25
1582843649 22
1582843650 24
1582843651 76
1582843651 50
1582843651 23
1582843652 71
1582843653 82
1582843653 33
1582843654 45
1582843654 26
1582843654 31
1582843655 104
1582843656 80
1582843656 87
1582843657 74
1582843657 31
1582843658 89
1582843658 97
1582843659 36
1582843659 96
1582843660 27
1582843660 38
1582843661 73
1582843661 62
1582843662 104
1582843662 85
1582843663 36
