1582842774 440
1582842774 158
1582842774 75
1582842775 64
1582842775 116
1582842775 82
1582842776 127
1582842776 129
1582842777 83
1582842777 69
1582842778 65
1582842778 135
1582842779 121
1582842779 124
1582842780 60
1582842780 59
1582842781 60
1582842781 111
1582842782 85
1582842782 59
1582842783 107
1582842783 118
1582842784 68
1582842784 82
1582842785 62
1582842785 69
1582842786 140
1582842786 116
1582842787 124
1582842787 109
1582842788 68
1582842791 2907
1582842791 132
1582842791 73
1582842791 132
1582842792 64
1582842792 74
1582842792 109
1582842792 98
1582842792 141
1582842793 121
1582842793 73
1582842794 111
1582842794 99
1582842795 103
1582842795 135
1582842796 76
1582842796 124
1582842797 87
1582842797 102
1582842798 93
1582842798 83
1582842799 87
1582842799 122
1582842800 121
1582842800 64
1582842801 133
1582842801 124
1582842802 102
1582842802 68
1582842803 139
1582842803 104
1582842804 65
1582842804 53
1582842805 94
1582842805 66
1582842806 118
1582842806 122
1582842807 102
1582842807 71
1582842808 70
1582842808 90
1582842809 54
1582842809 57
1582842810 136
1582842810 61
1582842811 115
