1582885712 440
1582885712 136
1582885712 85
1582885712 77
1582885713 143
1582885713 65
1582885714 109
1582885714 56
1582885715 115
1582885715 105
1582885716 86
1582885716 81
1582885717 129
1582885717 69
1582885718 129
1582885718 74
1582885719 126
1582885719 142
1582885720 129
1582885720 87
1582885721 139
1582885721 86
1582885722 107
1582885722 74
1582885723 122
1582885723 126
1582885724 127
1582885724 73
1582885725 128
1582885725 82
1582885726 98
1582885726 72
1582885728 1764
1582885728 62
1582885728 68
1582885729 60
1582885729 129
1582885729 69
1582885730 105
1582885730 118
1582885731 70
1582885731 141
1582885732 109
1582885732 64
1582885733 72
1582885733 142
1582885734 127
1582885734 114
1582885735 94
1582885735 124
1582885736 69
1582885736 114
1582885737 82
1582885737 89
1582885738 113
1582885738 131
1582885739 112
1582885739 140
1582885740 114
1582885740 118
1582885741 55
1582885741 112
1582885742 92
1582885742 84
1582885743 68
1582885743 139
1582885744 72
1582885744 57
1582885745 59
1582885745 74
1582885746 122
1582885746 89
1582885747 130
1582885747 138
1582885748 108
