1582842962 418
1582842962 158
1582842962 74
1582842962 64
1582842962 116
1582842963 82
1582842963 127
1582842964 130
1582842964 83
1582842965 69
1582842965 65
1582842966 134
1582842966 122
1582842967 123
1582842967 61
1582842968 59
1582842968 60
1582842969 111
1582842969 86
1582842970 59
1582842970 107
1582842971 121
1582842971 68
1582842972 82
1582842972 62
1582842973 69
1582842973 140
1582842974 117
1582842974 125
1582842975 110
1582842975 68
1582842976 124
1582842976 133
1582842977 72
1582842977 132
1582842980 2572
1582842980 74
1582842980 110
1582842980 98
1582842981 140
1582842981 120
1582842981 73
1582842981 112
1582842982 99
1582842982 104
1582842983 135
1582842983 77
1582842984 124
1582842984 87
1582842985 101
1582842985 91
1582842986 82
1582842986 88
1582842987 123
1582842987 121
1582842988 64
1582842988 134
1582842989 124
1582842989 103
1582842990 68
1582842990 139
1582842991 104
1582842991 65
1582842992 54
1582842992 94
1582842993 67
1582842993 118
1582842994 122
1582842994 103
1582842995 71
1582842995 71
1582842996 89
1582842996 55
1582842997 56
1582842997 137
1582842998 61
1582842998 115
1582842999 55
1582842999 99
1582843000 63
1582843000 132
1582843001 94
1582843001 97
1582843002 72
