1582841911 461
1582841911 155
1582841911 75
1582841911 64
1582841911 116
1582841912 82
1582841912 127
1582841913 129
1582841913 83
1582841914 70
1582841914 64
1582841915 135
1582841915 121
1582841916 124
1582841916 61
1582841917 58
1582841917 59
1582841918 111
1582841918 86
1582841919 58
1582841919 107
1582841920 118
1582841920 68
1582841921 85
1582841921 62
1582841922 68
1582841923 139
1582841923 117
1582841924 124
1582841924 110
1582841924 68
1582841925 124
1582841926 133
1582841928 1871
1582841928 132
1582841928 64
1582841928 74
1582841928 109
1582841928 98
1582841929 141
1582841930 121
1582841930 73
1582841931 114
1582841931 99
1582841931 103
1582841932 134
1582841932 76
1582841933 123
1582841933 87
1582841934 101
