1582843590 437
1582843590 160
1582843590 77
1582843590 65
1582843590 116
1582843591 82
1582843591 127
1582843592 129
1582843592 83
1582843593 69
1582843593 66
1582843594 134
1582843594 122
1582843595 124
1582843595 61
1582843596 59
1582843596 60
1582843597 111
1582843597 86
1582843598 58
1582843598 108
1582843599 118
1582843599 68
1582843600 82
1582843600 61
1582843601 68
1582843601 140
1582843602 117
1582843602 123
1582843603 110
1582843603 68
1582843604 126
1582843604 133
1582843605 73
1582843605 132
1582843606 63
1582843606 74
1582843607 110
1582843607 98
1582843608 141
1582843608 121
1582843611 1857
1582843611 111
1582843611 98
1582843611 104
1582843611 135
1582843611 77
1582843612 124
1582843612 87
1582843613 102
1582843613 91
1582843614 82
1582843614 88
1582843615 122
1582843615 122
1582843616 63
1582843616 134
1582843617 123
1582843617 103
1582843618 67
1582843618 138
1582843619 104
1582843619 64
1582843620 54
1582843620 93
1582843621 66
1582843621 118
1582843622 122
1582843622 102
1582843623 71
1582843623 71
1582843624 89
1582843624 55
1582843625 56
1582843625 137
1582843626 61
1582843626 115
1582843627 56
1582843627 98
1582843628 67
1582843628 132
1582843629 95
1582843629 96
1582843630 72
1582843630 129
1582843631 112
1582843631 105
