1582990453 510
1582990453 78
1582990453 97
1582990453 74
1582990453 55
1582990454 65
1582990454 125
1582990455 112
1582990455 82
1582990456 128
1582990456 123
1582990457 87
1582990457 85
1582990458 114
1582990458 111
1582990459 133
1582990459 136
1582990460 98
1582990460 90
1582990461 79
1582990461 66
1582990462 56
1582990462 124
1582990463 104
1582990463 127
1582990464 89
1582990464 77
1582990465 123
1582990465 136
1582990466 131
1582990466 54
1582990467 107
1582990467 54
1582990468 104
1582990468 106
1582990469 95
1582990469 68
1582990470 120
1582990470 59
1582990471 139
1582990473 2065
1582990473 129
1582990473 62
1582990474 117
1582990474 140
1582990474 100
1582990474 88
1582990475 121
1582990475 91
1582990476 131
1582990476 124
1582990477 80
1582990477 94
1582990478 72
1582990478 123
1582990479 66
1582990479 54
1582990480 88
1582990480 104
1582990481 112
