1582843474 414
1582843474 156
1582843474 74
1582843474 64
1582843474 116
1582843475 82
1582843475 126
1582843476 130
1582843476 83
1582843477 69
1582843477 65
1582843478 135
1582843478 122
1582843479 124
1582843479 60
1582843480 59
1582843480 59
1582843481 112
1582843481 85
1582843482 59
1582843482 107
1582843483 118
1582843483 68
1582843484 82
1582843484 61
1582843485 68
1582843485 139
1582843486 116
1582843486 124
1582843487 109
1582843487 68
1582843488 125
1582843488 132
1582843489 73
1582843489 132
1582843490 64
1582843490 73
1582843491 109
1582843494 2432
1582843494 140
1582843494 120
1582843494 73
1582843494 111
1582843494 99
1582843494 104
1582843495 135
1582843495 77
1582843496 124
1582843496 87
1582843497 101
1582843497 91
1582843498 83
1582843498 87
1582843499 123
1582843499 121
1582843500 65
1582843500 133
1582843501 124
1582843501 102
1582843502 67
1582843502 138
1582843503 104
1582843503 64
1582843504 54
1582843504 94
1582843505 66
1582843505 117
1582843506 121
1582843506 102
1582843507 71
1582843507 70
1582843508 89
1582843508 54
1582843509 56
1582843509 136
1582843510 61
1582843510 115
1582843511 56
1582843511 98
1582843512 63
1582843512 132
1582843513 94
1582843513 96
1582843514 72
