1582991983 458
1582991983 104
1582991983 61
1582991984 128
1582991984 119
1582991984 96
1582991985 82
1582991985 70
1582991986 134
1582991986 122
1582991987 123
1582991987 124
1582991988 60
1582991988 128
1582991989 128
1582991989 99
1582991990 130
1582991990 55
1582991991 128
1582991991 76
1582991992 126
1582991992 126
1582991993 75
1582991993 59
1582991994 103
1582991994 97
1582991995 79
1582991995 137
1582991996 144
1582991996 101
1582991997 135
1582991997 100
1582991998 74
1582991998 130
1582991999 102
1582991999 78
1582992000 83
1582992000 143
1582992001 136
1582992003 1342
1582992003 144
1582992003 105
1582992003 141
1582992003 104
1582992004 79
1582992004 129
1582992005 126
1582992005 139
1582992006 132
1582992006 78
1582992007 121
1582992007 81
1582992008 113
1582992008 53
1582992009 131
1582992009 74
1582992010 72
1582992010 134
1582992011 100
1582992011 129
1582992012 130
1582992012 79
1582992013 63
1582992013 59
1582992014 70
1582992014 86
1582992015 65
1582992015 92
1582992016 83
1582992016 53
1582992017 95
1582992017 130
1582992018 113
1582992018 130
1582992019 97
1582992019 129
1582992020 110
1582992020 122
1582992021 142
1582992021 127
1582992022 60
1582992022 66
1582992023 139
