1582990944 481
1582990944 75
1582990944 96
1582990945 73
1582990945 54
1582990945 65
1582990946 125
1582990946 112
1582990947 81
1582990947 128
1582990948 124
1582990948 86
1582990949 85
1582990949 113
1582990950 111
1582990950 132
1582990951 136
1582990951 98
1582990952 90
1582990952 78
1582990953 66
1582990953 56
1582990954 123
1582990954 103
1582990955 126
1582990955 90
1582990956 77
1582990956 123
1582990957 136
1582990957 131
1582990958 55
1582990958 106
1582990959 55
1582990961 1393
1582990961 106
1582990961 96
1582990961 68
1582990961 121
1582990962 58
1582990962 140
1582990963 77
1582990963 129
1582990964 62
1582990964 117
1582990965 140
1582990965 100
1582990966 88
1582990966 121
1582990967 91
1582990967 130
1582990968 121
1582990968 79
1582990969 94
1582990969 73
1582990970 123
1582990970 66
1582990971 58
1582990971 88
1582990972 103
1582990972 112
1582990973 93
1582990973 109
1582990974 77
1582990974 67
1582990975 63
1582990975 107
1582990976 106
1582990976 72
1582990977 144
1582990977 117
1582990978 116
1582990978 94
1582990979 122
1582990979 90
1582990980 131
1582990980 96
