1582989464 445
1582989464 96
1582989464 132
1582989464 137
1582989464 105
1582989465 95
1582989465 76
1582989466 85
1582989466 58
1582989467 89
1582989467 63
1582989468 96
1582989468 72
1582989469 109
1582989469 126
1582989470 86
1582989470 72
1582989471 89
1582989471 107
1582989472 141
1582989472 91
1582989473 74
1582989473 118
1582989474 70
1582989474 85
1582989475 110
1582989475 114
1582989476 69
1582989476 92
1582989477 98
1582989477 144
1582989478 112
1582989478 55
1582989479 125
1582989479 62
1582989481 1787
1582989481 60
1582989481 101
1582989482 127
1582989482 125
1582989482 119
1582989483 65
1582989483 54
1582989484 112
1582989484 143
1582989485 106
1582989485 111
1582989486 99
1582989486 97
1582989487 97
1582989487 133
1582989488 124
1582989488 125
1582989489 118
1582989489 128
