1582841818 437
1582841818 155
1582841818 75
1582841818 64
1582841818 116
1582841819 82
1582841819 128
1582841820 129
1582841820 83
1582841821 69
1582841821 65
1582841822 135
1582841822 122
1582841823 124
1582841823 60
1582841824 59
1582841824 59
1582841825 112
1582841825 85
1582841826 59
1582841826 107
1582841827 118
1582841827 69
1582841828 81
1582841828 62
1582841829 68
1582841829 140
1582841830 117
1582841830 124
1582841831 110
1582841831 67
1582841832 124
1582841832 133
1582841833 72
1582841835 1839
1582841835 64
1582841835 74
1582841835 110
1582841835 98
1582841836 141
1582841836 121
1582841837 73
1582841837 111
1582841838 100
1582841838 105
1582841839 136
1582841839 77
1582841840 123
1582841840 86
1582841841 101
1582841841 92
1582841842 83
1582841842 87
1582841843 123
