1582844108 497
1582844108 157
1582844108 74
1582844108 64
1582844108 117
1582844109 82
1582844109 128
1582844110 129
1582844110 83
1582844111 69
1582844111 65
1582844112 135
1582844112 122
1582844113 123
1582844113 61
1582844114 58
1582844114 60
1582844115 111
1582844115 85
1582844116 58
1582844116 107
1582844117 118
1582844117 69
1582844118 81
1582844118 62
1582844119 68
1582844119 140
1582844120 116
1582844120 124
1582844121 110
1582844121 68
1582844122 125
1582844122 132
1582844123 72
1582844123 132
1582844126 2170
1582844126 74
1582844126 110
1582844126 98
1582844126 141
1582844126 121
1582844127 73
1582844127 112
1582844128 98
1582844128 103
1582844129 134
1582844129 76
1582844130 124
1582844130 86
1582844131 102
1582844131 91
1582844132 82
1582844132 88
1582844133 122
1582844133 122
1582844134 63
1582844134 133
1582844135 124
1582844135 102
1582844136 68
1582844136 138
1582844137 104
1582844137 64
1582844138 53
1582844138 94
1582844139 66
1582844139 118
1582844140 121
1582844140 103
1582844141 70
1582844141 70
1582844142 90
1582844142 54
1582844143 57
1582844143 136
1582844144 61
1582844144 114
1582844145 55
1582844145 99
1582844146 63
1582844146 133
