1582841394 520
1582841394 159
1582841394 75
1582841394 64
1582841394 116
1582841395 82
1582841395 127
1582841396 129
1582841396 83
1582841397 68
1582841397 65
1582841398 135
1582841398 121
1582841399 124
1582841399 60
1582841400 59
1582841400 59
1582841401 112
1582841401 86
1582841402 58
1582841402 106
1582841403 118
1582841403 68
1582841404 82
1582841404 61
1582841405 68
1582841405 140
1582841406 117
1582841406 124
1582841407 110
1582841407 67
1582841409 1672
1582841409 133
1582841409 73
1582841410 132
1582841410 64
1582841410 74
1582841411 110
1582841411 98
1582841412 141
1582841412 121
1582841413 74
1582841413 111
1582841414 98
1582841414 103
1582841415 134
1582841415 76
