1582842178 459
1582842178 156
1582842178 76
1582842178 65
1582842178 117
1582842179 82
1582842179 128
1582842180 129
1582842180 83
1582842181 68
1582842181 65
1582842182 134
1582842182 122
1582842183 124
1582842183 60
1582842184 59
1582842184 60
1582842185 112
1582842185 85
1582842186 59
1582842186 107
1582842187 117
1582842187 69
1582842188 82
1582842188 62
1582842189 68
1582842189 140
1582842190 117
1582842190 124
1582842191 110
1582842191 68
1582842192 125
1582842192 132
1582842193 73
1582842193 131
1582842194 64
1582842194 73
1582842195 109
1582842198 2890
1582842198 141
1582842198 121
1582842198 73
1582842198 111
1582842199 99
1582842199 104
1582842199 135
1582842199 77
1582842200 124
1582842200 88
1582842201 103
1582842201 92
1582842202 83
1582842202 87
1582842203 122
1582842203 121
1582842204 64
1582842204 133
