1582990737 518
1582990737 78
1582990737 97
1582990737 74
1582990737 54
1582990738 65
1582990738 125
1582990739 112
1582990739 81
1582990740 128
1582990740 124
1582990741 87
1582990741 85
1582990742 114
1582990742 111
1582990743 133
1582990743 136
1582990744 99
1582990744 90
1582990745 79
1582990745 66
1582990746 56
1582990746 124
1582990747 103
1582990747 127
1582990748 90
1582990748 77
1582990749 122
1582990749 136
1582990750 131
1582990750 55
1582990751 106
1582990751 54
1582990752 103
1582990754 1956
1582990754 96
1582990754 68
1582990754 121
1582990755 59
1582990755 140
1582990755 78
1582990756 129
1582990756 63
1582990757 118
1582990757 140
1582990758 101
1582990758 87
1582990759 122
1582990759 91
1582990760 131
1582990760 122
1582990761 79
1582990761 94
1582990762 73
1582990762 122
1582990763 67
1582990763 53
1582990764 88
1582990764 103
1582990765 113
1582990765 93
1582990766 109
1582990766 78
1582990767 67
1582990767 63
1582990768 107
1582990768 106
1582990769 73
1582990769 143
1582990770 118
1582990770 116
1582990771 95
1582990771 122
1582990772 91
1582990772 132
1582990773 96
1582990773 91
1582990774 124
1582990774 55
1582990775 102
1582990775 53
