1582843361 453
1582843362 159
1582843362 76
1582843362 65
1582843362 117
1582843362 82
1582843363 128
1582843364 129
1582843364 84
1582843364 68
1582843365 66
1582843366 134
1582843366 122
1582843367 123
1582843367 61
1582843367 58
1582843368 60
1582843368 112
1582843369 86
1582843369 59
1582843370 107
1582843371 119
1582843371 68
1582843371 82
1582843372 62
1582843372 68
1582843373 140
1582843374 118
1582843374 124
1582843374 109
1582843375 68
1582843376 125
1582843376 133
1582843376 72
1582843377 132
1582843377 63
1582843378 74
1582843379 109
1582843381 1934
1582843381 141
1582843381 121
1582843381 73
1582843381 111
1582843381 99
1582843382 104
1582843383 135
1582843383 76
1582843384 124
1582843384 86
1582843385 102
1582843385 90
1582843385 83
1582843386 87
1582843387 123
1582843387 121
1582843387 64
1582843388 138
1582843389 123
1582843389 103
1582843389 68
1582843390 139
1582843391 103
1582843391 65
1582843391 53
1582843392 94
1582843392 66
1582843393 118
1582843394 121
1582843394 103
1582843394 73
1582843395 71
1582843396 89
1582843396 54
1582843396 57
1582843397 136
1582843397 62
1582843398 114
1582843398 55
1582843399 98
1582843399 63
1582843400 133
1582843401 95
1582843401 97
