1582991784 513
1582991784 107
1582991784 62
1582991784 128
1582991785 120
1582991785 97
1582991785 82
1582991786 70
1582991787 135
1582991787 121
1582991788 124
1582991788 124
1582991788 60
1582991789 129
1582991790 128
1582991790 100
1582991791 130
1582991791 55
1582991792 128
1582991792 77
1582991793 126
1582991793 126
1582991793 76
1582991794 59
1582991795 103
1582991795 97
1582991796 79
1582991796 136
1582991797 144
1582991797 100
1582991798 136
1582991798 100
1582991799 75
1582991799 129
1582991800 102
1582991800 78
1582991802 1877
1582991802 144
1582991803 136
1582991803 80
1582991803 143
1582991803 106
1582991804 141
1582991804 104
1582991805 79
1582991805 128
1582991806 127
1582991806 138
1582991807 133
1582991807 79
1582991808 122
1582991808 82
1582991809 114
1582991809 53
1582991810 131
1582991810 75
1582991811 72
1582991811 135
1582991812 100
1582991812 129
1582991813 131
1582991813 80
1582991814 64
1582991814 59
1582991815 70
1582991815 87
1582991816 66
1582991816 92
1582991817 84
1582991817 54
1582991818 95
1582991818 131
1582991819 114
1582991819 130
1582991820 97
1582991820 129
1582991821 110
1582991821 123
1582991822 143
1582991822 128
1582991823 60
1582991823 66
1582991824 140
