1582844003 415
1582844003 154
1582844003 76
1582844003 64
1582844003 116
1582844004 83
1582844004 127
1582844005 130
1582844005 83
1582844006 69
1582844006 65
1582844007 136
1582844007 122
1582844008 124
1582844008 61
1582844009 59
1582844009 60
1582844010 112
1582844010 86
1582844011 59
1582844011 107
1582844012 118
1582844012 69
1582844013 82
1582844013 62
1582844014 68
1582844014 140
1582844015 116
1582844015 124
1582844016 110
1582844016 67
1582844017 125
1582844017 132
1582844021 2858
1582844021 132
1582844021 64
1582844021 74
1582844021 110
1582844021 97
1582844021 141
1582844021 121
1582844022 73
1582844022 111
1582844023 99
1582844023 104
1582844024 135
1582844024 77
1582844025 123
1582844025 87
1582844026 102
1582844026 91
1582844027 83
1582844027 87
1582844028 123
1582844028 121
1582844029 63
1582844029 134
1582844030 123
1582844030 103
1582844031 68
1582844031 139
1582844032 104
1582844032 64
1582844033 54
1582844033 94
1582844034 67
1582844034 118
1582844035 121
1582844035 103
1582844036 70
1582844036 71
1582844037 89
1582844037 55
1582844038 56
1582844038 137
1582844039 61
1582844039 115
1582844040 56
1582844040 98
