1582844214 496
1582844214 162
1582844214 75
1582844215 64
1582844215 116
1582844215 82
1582844216 128
1582844216 129
1582844217 84
1582844217 69
1582844218 65
1582844218 135
1582844219 122
1582844219 124
1582844220 61
1582844220 59
1582844221 60
1582844221 112
1582844222 86
1582844222 59
1582844223 107
1582844223 117
1582844224 69
1582844224 81
1582844225 62
1582844225 67
1582844226 140
1582844226 116
1582844227 124
1582844227 110
1582844228 68
1582844228 125
1582844229 132
1582844229 72
1582844230 131
1582844230 64
1582844233 2654
1582844233 110
1582844233 98
1582844234 141
1582844234 121
1582844234 73
1582844234 111
1582844234 99
1582844235 104
1582844235 135
1582844236 77
1582844236 124
1582844237 86
1582844237 106
1582844238 91
1582844238 83
1582844239 87
1582844239 123
1582844240 121
1582844240 64
1582844241 134
1582844241 124
1582844242 103
1582844242 68
1582844243 139
1582844243 103
1582844244 65
1582844244 53
1582844245 94
1582844245 66
1582844246 118
1582844246 122
1582844247 103
1582844247 71
1582844248 71
1582844248 90
1582844249 55
1582844249 56
1582844250 137
1582844250 62
1582844251 114
1582844251 55
1582844252 98
1582844252 64
1582844253 132
1582844253 95
1582844254 96
1582844254 72
