1582841477 420
1582841477 155
1582841477 74
1582841477 64
1582841478 115
1582841478 82
1582841479 127
1582841479 128
1582841480 83
1582841480 68
1582841481 65
1582841481 134
1582841482 122
1582841482 123
1582841483 60
1582841483 58
1582841484 60
1582841484 111
1582841485 86
1582841485 58
1582841486 107
1582841486 117
1582841487 68
1582841487 81
1582841488 62
1582841488 67
1582841489 139
1582841489 116
1582841490 123
1582841490 109
1582841491 66
1582841491 124
1582841493 1425
1582841493 73
1582841493 131
1582841493 64
1582841494 74
1582841494 110
1582841495 98
1582841495 141
1582841496 121
1582841496 73
1582841497 110
1582841497 98
1582841498 102
1582841498 134
1582841499 75
1582841499 123
1582841500 86
