1582844429 404
1582844429 155
1582844429 75
1582844429 64
1582844430 116
1582844430 82
1582844431 127
1582844431 129
1582844432 82
1582844432 69
1582844433 64
1582844433 135
1582844434 121
1582844434 123
1582844435 60
1582844435 58
1582844436 60
1582844436 112
1582844437 85
1582844437 59
1582844438 107
1582844438 118
1582844439 69
1582844439 81
1582844440 62
1582844440 67
1582844441 140
1582844441 116
1582844442 124
1582844442 109
1582844443 67
1582844443 124
1582844444 133
1582844444 72
1582844445 131
1582844445 63
1582844447 1138
1582844447 110
1582844447 98
1582844447 140
1582844448 121
1582844448 73
1582844449 111
1582844449 98
1582844450 104
1582844450 134
1582844451 76
1582844451 123
1582844452 87
1582844452 101
1582844453 90
1582844453 83
1582844454 87
1582844454 123
1582844455 121
1582844455 63
1582844456 133
1582844456 124
1582844457 102
1582844457 67
1582844458 138
1582844458 103
1582844459 64
1582844459 54
1582844460 94
1582844460 66
1582844461 118
1582844461 121
1582844462 103
1582844462 70
1582844463 71
1582844463 89
1582844464 54
1582844464 57
1582844465 136
1582844465 62
1582844466 114
1582844466 55
1582844467 98
1582844467 63
