1582844623 429
1582844623 158
1582844623 75
1582844623 64
1582844623 117
1582844624 83
1582844624 127
1582844625 130
1582844625 83
1582844626 69
1582844626 65
1582844627 135
1582844627 122
1582844628 124
1582844628 60
1582844629 59
1582844629 60
1582844630 112
1582844630 86
1582844631 59
1582844631 107
1582844632 118
1582844632 69
1582844633 82
1582844633 62
1582844634 68
1582844634 140
1582844635 117
1582844635 124
1582844636 110
1582844636 68
1582844637 125
1582844637 133
1582844638 73
1582844638 132
1582844639 64
1582844639 74
1582844640 110
1582844640 97
1582844643 2027
1582844643 121
1582844643 73
1582844643 111
1582844643 99
1582844643 104
1582844644 135
1582844644 76
1582844645 125
1582844645 87
1582844646 102
1582844646 91
1582844647 82
1582844647 88
1582844648 122
1582844648 122
1582844649 63
1582844649 133
1582844650 124
1582844650 102
1582844651 68
1582844651 139
1582844652 103
1582844652 65
1582844653 54
1582844653 94
1582844654 66
1582844654 117
1582844655 122
1582844655 102
1582844656 71
1582844656 71
1582844657 89
1582844657 55
1582844658 56
1582844658 137
1582844659 61
1582844659 115
1582844660 56
1582844660 98
1582844661 64
1582844661 132
1582844662 95
1582844662 96
1582844663 73
