1582842481 450
1582842481 156
1582842481 75
1582842481 65
1582842482 117
1582842482 83
1582842483 127
1582842483 130
1582842484 83
1582842484 69
1582842485 65
1582842485 134
1582842486 122
1582842486 123
1582842487 61
1582842487 59
1582842488 60
1582842488 112
1582842489 85
1582842489 59
1582842490 107
1582842490 118
1582842491 68
1582842491 82
1582842492 62
1582842492 68
1582842493 140
1582842493 117
1582842494 123
1582842494 110
1582842495 67
1582842495 124
1582842497 1964
1582842498 72
1582842498 132
1582842498 64
1582842498 74
1582842498 110
1582842499 98
1582842499 141
1582842500 121
1582842500 73
1582842501 111
1582842501 99
1582842502 103
1582842502 135
1582842503 77
1582842503 124
1582842504 87
1582842504 102
1582842505 91
1582842505 82
1582842506 88
1582842506 122
1582842507 122
1582842507 63
1582842508 133
1582842508 124
1582842509 102
1582842509 68
1582842510 139
1582842510 103
1582842511 65
1582842511 53
1582842512 94
1582842512 66
1582842513 117
1582842513 122
1582842514 102
1582842514 71
1582842515 70
1582842515 90
1582842516 54
1582842516 56
1582842517 136
1582842517 61
