1582843809 402
1582843809 157
1582843809 75
1582843809 64
1582843809 116
1582843810 81
1582843810 127
1582843811 129
1582843811 82
1582843812 69
1582843812 65
1582843813 135
1582843813 122
1582843814 123
1582843814 61
1582843815 59
1582843815 60
1582843816 112
1582843816 85
1582843817 59
1582843817 107
1582843818 118
1582843818 68
1582843819 81
1582843819 62
1582843820 67
1582843821 140
1582843821 116
1582843822 124
1582843822 110
1582843822 67
1582843823 125
1582843824 132
1582843824 73
1582843825 132
1582843827 1886
1582843827 73
1582843827 109
1582843827 98
1582843827 141
1582843828 121
1582843828 73
1582843829 111
1582843829 98
1582843829 104
1582843830 134
1582843830 76
1582843831 123
1582843831 87
1582843832 102
1582843832 91
1582843833 82
1582843833 88
1582843834 122
1582843835 121
1582843835 63
1582843836 134
1582843836 123
1582843837 103
1582843837 67
1582843838 139
1582843838 103
1582843838 64
1582843839 54
1582843840 93
1582843840 67
1582843841 117
1582843841 122
1582843842 102
1582843842 71
1582843842 70
1582843843 89
1582843843 55
1582843844 56
1582843845 136
1582843845 62
1582843846 114
1582843846 56
1582843847 99
1582843847 64
