1582841563 437
1582841563 159
1582841563 75
1582841563 64
1582841563 117
1582841564 82
1582841564 127
1582841565 129
1582841565 83
1582841566 69
1582841566 65
1582841567 135
1582841567 121
1582841568 124
1582841568 60
1582841569 59
1582841569 59
1582841570 112
1582841570 85
1582841571 58
1582841571 107
1582841572 117
1582841572 69
1582841573 81
1582841573 62
1582841574 67
1582841574 140
1582841575 116
1582841575 124
1582841576 110
1582841576 68
1582841577 124
1582841577 132
1582841580 1864
1582841580 132
1582841580 64
1582841580 74
1582841580 110
1582841580 98
1582841581 141
1582841581 121
1582841582 73
1582841582 112
1582841583 100
1582841583 105
1582841584 134
1582841584 76
1582841585 123
1582841585 86
1582841586 101
1582841586 92
1582841587 82
1582841587 87
