1582841732 399
1582841732 156
1582841732 73
1582841732 64
1582841732 116
1582841733 82
1582841733 126
1582841734 129
1582841734 83
1582841735 69
1582841735 65
1582841736 134
1582841736 121
1582841737 123
1582841737 60
1582841738 58
1582841738 60
1582841739 111
1582841739 85
1582841740 58
1582841740 107
1582841741 117
1582841741 68
1582841742 81
1582841742 62
1582841743 67
1582841743 139
1582841744 116
1582841744 123
1582841745 109
1582841745 67
1582841746 125
1582841748 1371
1582841748 73
1582841748 132
1582841748 64
1582841748 74
1582841749 109
1582841749 99
1582841750 142
1582841750 121
1582841751 73
1582841751 110
1582841752 98
1582841752 103
1582841753 134
1582841753 76
1582841754 123
