1582989275 442
1582989275 74
1582989275 142
1582989276 96
1582989276 119
1582989276 72
1582989277 114
1582989277 66
1582989278 127
1582989278 123
1582989279 73
1582989279 142
1582989280 89
1582989280 88
1582989281 103
1582989281 79
1582989282 131
1582989282 86
1582989283 79
1582989283 60
1582989284 78
1582989284 89
1582989285 61
1582989285 141
1582989286 79
1582989286 133
1582989287 99
1582989287 63
1582989288 100
1582989288 62
1582989289 86
1582989289 79
1582989290 126
1582989292 1725
1582989292 54
1582989292 78
1582989292 62
1582989292 58
1582989293 58
1582989293 111
1582989294 63
1582989294 99
1582989295 116
1582989295 139
1582989296 65
1582989296 140
1582989297 130
1582989297 55
1582989298 128
1582989298 139
