1582843152 410
1582843152 154
1582843152 73
1582843152 64
1582843152 116
1582843153 82
1582843153 127
1582843154 129
1582843154 83
1582843155 69
1582843155 64
1582843156 135
1582843156 121
1582843157 124
1582843157 60
1582843158 59
1582843158 59
1582843159 112
1582843159 85
1582843160 59
1582843160 106
1582843161 118
1582843161 69
1582843162 81
1582843162 62
1582843163 67
1582843163 140
1582843164 116
1582843164 124
1582843165 109
1582843165 67
1582843166 125
1582843166 132
1582843167 73
1582843169 1204
1582843169 63
1582843169 73
1582843169 109
1582843169 98
1582843170 141
1582843170 121
1582843171 72
1582843171 111
1582843172 98
1582843172 104
1582843173 134
1582843173 76
1582843174 123
1582843174 87
1582843175 101
1582843175 91
1582843176 83
1582843176 87
1582843177 122
1582843177 121
1582843178 64
1582843178 133
1582843179 124
1582843179 102
1582843180 68
1582843181 138
1582843181 104
1582843181 64
1582843182 54
1582843182 94
1582843183 66
1582843183 118
1582843184 121
1582843184 103
1582843185 70
1582843185 71
1582843186 89
1582843186 53
1582843187 56
1582843188 136
1582843188 61
1582843188 115
