1582998426 471
1582998426 159
1582998426 84
1582998426 143
1582998426 65
1582998427 143
1582998427 71
1582998428 109
1582998428 103
1582998429 106
1582998429 58
1582998430 87
1582998430 110
1582998431 130
1582998431 74
1582998432 103
1582998432 128
1582998433 138
1582998433 60
1582998434 101
1582998434 106
1582998435 143
1582998435 105
1582998436 71
1582998436 134
1582998437 76
1582998437 58
1582998438 97
1582998438 57
1582998439 140
1582998439 143
1582998440 115
1582998440 62
1582998441 132
1582998441 58
1582998442 94
1582998442 82
1582998443 68
1582998443 90
1582998444 79
1582998444 89
1582998445 135
1582998447 2059
1582998447 64
1582998447 103
1582998447 93
1582998447 91
1582998448 93
1582998448 98
1582998449 134
1582998449 116
1582998450 80
1582998450 107
1582998451 109
1582998451 136
1582998452 132
1582998452 60
1582998453 77
1582998453 64
1582998454 143
1582998454 62
1582998455 56
1582998455 140
1582998456 135
1582998456 121
1582998457 114
1582998457 105
1582998458 105
1582998458 97
1582998459 56
1582998459 106
1582998460 68
1582998460 93
1582998461 126
1582998461 58
1582998462 135
1582998462 65
1582998463 54
1582998463 88
1582998464 136
1582998464 129
1582998465 141
1582998465 69
1582998466 142
1582998466 62
1582998467 139
1582998467 107
1582998468 100
