1582843255 419
1582843255 158
1582843256 75
1582843256 64
1582843256 117
1582843256 82
1582843257 128
1582843257 129
1582843258 83
1582843258 69
1582843259 64
1582843259 135
1582843260 122
1582843260 124
1582843261 60
1582843261 59
1582843262 60
1582843262 112
1582843263 85
1582843263 59
1582843264 107
1582843264 118
1582843265 69
1582843265 82
1582843266 62
1582843266 68
1582843267 139
1582843267 117
1582843268 124
1582843268 110
1582843269 68
1582843269 126
1582843270 133
1582843270 73
1582843271 131
1582843271 64
1582843273 1546
1582843274 110
1582843274 98
1582843274 141
1582843274 121
1582843274 73
1582843275 111
1582843275 98
1582843276 104
1582843277 134
1582843277 76
1582843277 123
1582843278 87
1582843278 102
1582843279 90
1582843279 86
1582843280 87
1582843280 123
1582843281 122
1582843281 64
1582843282 135
1582843282 124
1582843283 103
1582843283 68
1582843284 139
1582843284 104
1582843285 65
1582843285 54
1582843286 94
1582843286 67
1582843287 118
1582843288 123
1582843288 103
1582843288 70
1582843289 70
1582843289 90
1582843290 54
1582843290 56
1582843291 136
1582843291 61
1582843292 114
1582843292 55
1582843293 99
1582843293 64
1582843294 132
1582843294 95
