1582842583 407
1582842583 158
1582842583 74
1582842583 64
1582842584 116
1582842584 82
1582842585 126
1582842585 129
1582842586 83
1582842586 69
1582842587 65
1582842587 135
1582842588 122
1582842588 124
1582842589 60
1582842589 59
1582842590 60
1582842590 112
1582842591 86
1582842591 58
1582842592 107
1582842592 118
1582842593 68
1582842593 81
1582842594 62
1582842594 67
1582842595 140
1582842595 116
1582842596 123
1582842596 110
1582842597 67
1582842597 125
1582842598 132
1582842601 2340
1582842601 131
1582842601 63
1582842601 74
1582842601 110
1582842601 98
1582842601 141
1582842602 120
1582842602 72
1582842603 111
1582842603 98
1582842604 104
1582842604 135
1582842605 76
1582842605 123
1582842606 87
1582842606 101
1582842607 90
1582842607 82
1582842608 87
1582842608 122
1582842609 121
1582842609 63
1582842610 133
1582842610 123
1582842611 102
1582842611 67
1582842612 138
1582842612 103
1582842613 64
1582842613 54
1582842614 94
1582842614 66
1582842615 118
1582842615 121
1582842616 102
1582842616 70
1582842617 71
1582842617 89
1582842618 54
1582842618 56
1582842619 136
1582842619 61
1582842620 114
1582842620 55
1582842621 98
