1582841998 408
1582841998 155
1582841998 73
1582841998 64
1582841999 115
1582841999 82
1582842000 127
1582842000 129
1582842001 83
1582842001 69
1582842002 65
1582842002 134
1582842003 122
1582842003 123
1582842004 60
1582842004 58
1582842005 59
1582842005 111
1582842006 85
1582842006 59
1582842007 107
1582842007 118
1582842008 68
1582842008 81
1582842009 62
1582842009 68
1582842010 140
1582842010 117
1582842011 123
1582842011 109
1582842012 67
1582842012 124
1582842013 132
1582842013 72
1582842015 1670
1582842015 63
1582842015 74
1582842015 110
1582842016 97
1582842016 140
1582842017 121
1582842017 73
1582842018 112
1582842018 99
1582842019 103
1582842019 134
1582842020 76
1582842020 123
1582842021 86
1582842021 101
1582842022 90
1582842022 83
