1582991531 445
1582991532 124
1582991532 98
1582991532 61
1582991532 74
1582991532 123
1582991533 133
1582991533 74
1582991534 78
1582991534 118
1582991535 135
1582991535 66
1582991536 100
1582991537 132
1582991537 71
1582991537 61
1582991538 105
1582991539 127
1582991539 101
1582991540 122
1582991540 131
1582991540 60
1582991541 112
1582991541 68
1582991542 126
1582991542 58
1582991543 130
1582991544 120
1582991544 69
1582991545 123
1582991545 139
1582991546 144
1582991546 110
1582991547 131
1582991547 72
1582991550 2797
1582991550 106
1582991550 116
1582991551 109
1582991551 97
1582991551 69
1582991551 55
1582991551 132
1582991552 110
1582991552 107
1582991553 131
1582991553 95
1582991554 136
1582991554 130
1582991555 133
1582991555 129
1582991556 121
1582991556 109
1582991556 91
1582991557 75
1582991557 99
1582991558 115
1582991559 99
1582991559 112
1582991560 118
1582991560 57
1582991561 111
1582991561 109
1582991562 115
1582991562 109
1582991563 121
1582991563 86
1582991563 90
1582991564 88
1582991565 121
1582991565 138
1582991565 75
1582991566 95
1582991567 110
1582991567 66
1582991567 74
1582991568 136
1582991568 82
1582991569 120
1582991570 114
1582991570 82
1582991571 116
1582991571 106
1582991572 97
