1582991319 471
1582991319 125
1582991319 98
1582991319 62
1582991319 73
1582991320 124
1582991321 133
1582991321 75
1582991321 78
1582991322 118
1582991323 136
1582991323 66
1582991323 101
1582991324 132
1582991324 70
1582991325 62
1582991325 105
1582991326 126
1582991326 101
1582991327 122
1582991328 132
1582991328 60
1582991328 111
1582991329 68
1582991330 125
1582991330 58
1582991331 130
1582991331 119
1582991331 69
1582991332 122
1582991333 140
1582991333 144
1582991333 110
1582991334 131
1582991337 2583
1582991337 103
1582991337 106
1582991337 117
1582991337 109
1582991338 97
1582991338 68
1582991338 56
1582991339 131
1582991339 110
1582991339 106
1582991340 130
1582991340 94
1582991341 136
1582991342 133
1582991342 133
1582991343 129
1582991343 120
1582991344 109
1582991344 92
1582991344 74
1582991345 99
1582991346 114
1582991346 99
1582991347 113
1582991347 119
1582991347 58
1582991348 110
1582991349 109
1582991349 115
1582991350 108
1582991350 122
1582991350 84
1582991351 90
1582991351 88
1582991352 115
1582991353 139
1582991353 76
1582991354 96
1582991354 110
1582991354 66
1582991355 74
1582991356 135
1582991356 83
1582991357 118
1582991357 117
