1582842273 408
1582842273 155
1582842273 74
1582842273 64
1582842274 116
1582842274 81
1582842275 127
1582842275 129
1582842276 83
1582842276 68
1582842277 65
1582842277 134
1582842278 122
1582842278 123
1582842279 61
1582842279 58
1582842280 59
1582842280 112
1582842281 85
1582842281 59
1582842282 107
1582842282 117
1582842283 68
1582842283 81
1582842284 62
1582842284 67
1582842285 140
1582842285 117
1582842286 123
1582842286 110
1582842287 67
1582842287 125
1582842288 133
1582842288 73
1582842289 131
1582842289 63
1582842290 74
1582842290 109
1582842293 2106
1582842293 141
1582842293 121
1582842293 73
1582842293 111
1582842293 98
1582842294 104
1582842294 135
1582842295 77
1582842295 125
1582842296 88
1582842296 101
1582842297 91
1582842297 82
1582842298 88
1582842298 122
1582842299 121
1582842299 64
