1582844323 431
1582844323 159
1582844323 75
1582844323 64
1582844323 116
1582844324 83
1582844324 127
1582844325 130
1582844325 83
1582844326 68
1582844326 65
1582844327 134
1582844327 122
1582844328 124
1582844328 61
1582844329 59
1582844329 60
1582844330 112
1582844330 86
1582844331 59
1582844331 107
1582844332 118
1582844332 68
1582844333 82
1582844333 61
1582844334 68
1582844334 140
1582844335 117
1582844335 124
1582844336 110
1582844336 67
1582844337 125
1582844337 132
1582844338 73
1582844341 2648
1582844341 64
1582844341 74
1582844341 110
1582844341 98
1582844341 140
1582844342 120
1582844342 73
1582844342 111
1582844343 99
1582844343 104
1582844344 134
1582844344 76
1582844345 124
1582844345 87
1582844346 102
1582844346 91
1582844347 82
1582844347 88
1582844348 123
1582844348 122
1582844349 63
1582844349 133
1582844350 124
1582844350 102
1582844351 68
1582844351 138
1582844352 104
1582844352 64
1582844353 53
1582844353 94
1582844354 66
1582844354 118
1582844355 121
1582844355 102
1582844356 71
1582844356 70
1582844357 89
1582844357 55
1582844358 56
1582844358 136
1582844359 62
1582844359 114
1582844360 56
1582844360 98
1582844361 63
