1581216502 768
1581216502 90
1581216502 101
1581216502 27
1581216503 68
1581216503 45
1581216503 32
1581216504 72
1581216504 86
1581216505 87
1581216505 89
1581216506 87
1581216506 44
1581216507 87
1581216507 26
1581216508 74
1581216508 74
1581216509 69
1581216509 18
1581216510 54
1581216510 85
1581216511 68
1581216511 96
1581216512 79
1581216512 100
1581216513 75
1581216513 93
1581216514 33
1581216514 38
1581216515 58
1581216515 88
1581216516 62
1581216516 47
1581216517 47
1581216517 41
1581216518 53
1581216518 38
1581216519 85
1581216519 90
1581216520 53
1581216520 39
1581216521 83
1581216521 99
1581216522 88
1581216522 62
1581216523 20
1581216523 59
1581216524 69
1581216524 23
1581216525 26
1581216525 49
1581216526 48
1581216526 24
1581216527 50
1581216527 77
1581216528 96
1581216528 34
1581216529 79
1581216529 77
1581216530 106
1581216530 106
