1581214781 725
1581214781 93
1581214781 102
1581214781 26
1581214781 68
1581214782 45
1581214782 32
1581214783 72
1581214783 86
1581214784 87
1581214784 88
1581214785 86
1581214785 45
1581214786 87
1581214786 26
1581214787 74
1581214787 74
1581214788 69
1581214788 17
1581214789 54
1581214789 85
1581214790 68
1581214790 95
1581214791 79
1581214791 99
1581214792 75
1581214792 93
1581214793 33
1581214793 38
1581214794 57
1581214794 89
1581214795 62
1581214795 47
1581214796 47
1581214796 40
1581214797 53
1581214797 38
1581214798 85
1581214798 90
1581214799 53
1581214799 39
1581214800 82
1581214800 99
1581214801 88
1581214801 62
1581214802 20
1581214802 59
1581214803 69
1581214803 22
1581214804 26
1581214804 48
1581214805 48
1581214805 24
1581214806 50
1581214806 77
1581214807 96
1581214807 32
1581214808 78
1581214808 78
1581214809 106
1581214809 105
