1581214879 894
1581214879 92
1581214879 102
1581214879 27
1581214879 68
1581214879 45
1581214880 32
1581214880 72
1581214881 86
1581214881 87
1581214882 88
1581214882 87
1581214883 44
1581214883 87
1581214884 26
1581214884 74
1581214885 74
1581214885 70
1581214886 17
1581214886 55
1581214887 85
1581214887 69
1581214888 96
1581214888 78
1581214889 100
1581214889 76
1581214890 93
1581214890 32
1581214891 38
1581214891 58
1581214892 89
1581214892 62
1581214893 47
1581214893 47
1581214894 41
1581214894 53
1581214895 37
1581214895 85
1581214896 90
1581214896 53
1581214897 39
1581214897 83
1581214898 99
1581214898 88
1581214899 62
1581214899 20
1581214900 59
1581214900 69
1581214901 23
1581214901 26
1581214902 48
1581214902 48
1581214903 23
1581214903 50
1581214904 77
1581214904 97
1581214905 31
1581214905 79
1581214906 77
1581214906 106
1581214907 106
