1581214585 832
1581214586 94
1581214586 102
1581214586 26
1581214586 69
1581214586 46
1581214587 32
1581214587 73
1581214588 86
1581214588 87
1581214589 88
1581214589 86
1581214590 44
1581214590 86
1581214591 26
1581214591 74
1581214592 74
1581214592 69
1581214593 17
1581214593 54
1581214594 85
1581214594 68
1581214595 95
1581214595 79
1581214596 99
1581214596 75
1581214597 93
1581214597 33
1581214598 38
1581214598 58
1581214599 89
1581214599 62
1581214600 47
1581214600 47
1581214601 41
1581214601 53
1581214602 38
1581214602 85
1581214603 90
1581214603 53
1581214604 39
1581214604 82
1581214605 99
1581214605 87
1581214606 62
1581214606 19
1581214607 58
1581214607 68
1581214608 23
1581214608 25
1581214609 49
1581214609 47
1581214610 24
1581214610 50
1581214611 77
1581214611 97
1581214612 31
1581214612 78
1581214613 78
1581214613 106
1581214614 106
