1581215175 973
1581215175 94
1581215175 103
1581215175 27
1581215175 68
1581215175 45
1581215176 32
1581215177 73
1581215177 86
1581215178 88
1581215178 88
1581215179 86
1581215179 44
1581215180 86
1581215180 26
1581215181 74
1581215181 75
1581215182 69
1581215182 17
1581215182 54
1581215183 85
1581215184 68
1581215184 96
1581215185 79
1581215185 100
1581215186 76
1581215186 93
1581215186 32
1581215187 38
1581215188 58
1581215188 89
1581215189 62
1581215189 47
1581215190 46
1581215190 41
1581215191 53
1581215191 38
1581215192 85
1581215192 90
1581215193 53
1581215193 39
1581215194 83
1581215194 99
1581215195 88
1581215195 62
1581215195 20
1581215196 58
1581215197 69
1581215197 22
1581215197 26
1581215198 49
1581215199 47
1581215199 24
1581215200 49
1581215200 77
1581215201 97
1581215201 32
1581215202 79
1581215202 77
1581215203 106
1581215203 106
