1581216602 804
1581216602 93
1581216602 102
1581216602 26
1581216602 68
1581216603 45
1581216603 32
1581216604 73
1581216604 87
1581216605 87
1581216605 89
1581216606 86
1581216606 45
1581216607 86
1581216607 27
1581216608 74
1581216608 74
1581216609 69
1581216609 17
1581216610 54
1581216610 85
1581216611 67
1581216611 96
1581216612 78
1581216612 100
1581216613 76
1581216613 93
1581216614 32
1581216614 38
1581216615 58
1581216615 89
1581216616 63
1581216616 47
1581216617 47
1581216617 41
1581216618 53
1581216618 38
1581216619 85
1581216619 90
1581216620 53
1581216620 39
1581216621 82
1581216621 99
1581216622 88
1581216622 62
1581216623 20
1581216623 59
1581216624 69
1581216624 23
1581216625 26
1581216625 50
1581216626 48
1581216626 23
1581216627 50
1581216627 76
1581216628 97
1581216628 32
1581216629 79
1581216629 78
1581216630 106
1581216630 106
