1581213969 695
1581213970 92
1581213970 101
1581213970 26
1581213970 68
1581213970 45
1581213971 33
1581213971 72
1581213972 87
1581213972 87
1581213973 88
1581213973 86
1581213974 44
1581213974 87
1581213975 26
1581213975 74
1581213976 74
1581213976 69
1581213977 17
1581213977 54
1581213978 85
1581213978 67
1581213979 96
1581213979 78
1581213980 100
1581213980 75
1581213981 93
1581213981 32
1581213982 38
1581213982 58
1581213983 89
1581213983 62
1581213984 47
1581213984 47
1581213985 41
1581213985 52
1581213986 38
1581213986 85
1581213987 89
1581213987 53
1581213988 39
1581213988 83
1581213989 98
1581213989 88
1581213990 61
1581213990 20
1581213991 58
1581213991 69
1581213992 27
1581213992 26
1581213993 48
1581213993 48
1581213994 24
1581213994 49
1581213995 76
1581213995 97
1581213996 31
1581213996 79
1581213997 77
1581213997 106
1581213998 105
