1581213389 676
1581213389 91
1581213389 102
1581213389 26
1581213389 68
1581213389 45
1581213390 32
1581213391 71
1581213391 86
1581213392 87
1581213392 88
1581213393 85
1581213393 44
1581213394 85
1581213394 26
1581213395 74
1581213395 74
1581213396 69
1581213396 17
1581213397 54
1581213397 85
1581213398 68
1581213398 95
1581213399 79
1581213399 100
1581213400 77
1581213400 93
1581213401 33
1581213401 38
1581213402 58
1581213402 89
1581213403 62
1581213403 47
1581213404 47
1581213404 40
1581213405 52
1581213405 38
1581213406 84
1581213406 90
1581213407 52
1581213407 39
1581213408 82
1581213408 99
1581213409 87
1581213409 62
1581213410 19
1581213410 58
1581213411 68
1581213411 22
1581213412 25
1581213412 48
1581213413 48
1581213413 23
1581213414 50
1581213414 76
1581213415 96
1581213415 32
1581213416 78
1581213416 78
1581213417 105
1581213417 106
