1581213579 1080
1581213579 92
1581213579 102
1581213579 26
1581213579 68
1581213579 46
1581213579 33
1581213580 72
1581213580 86
1581213581 87
1581213581 88
1581213582 86
1581213582 44
1581213583 86
1581213583 26
1581213584 74
1581213584 74
1581213585 69
1581213585 17
1581213586 54
1581213586 85
1581213587 68
1581213587 96
1581213588 79
1581213588 100
1581213589 76
1581213589 93
1581213590 33
1581213590 38
1581213591 58
1581213591 88
1581213592 62
1581213592 46
1581213593 47
1581213593 40
1581213594 53
1581213594 37
1581213595 85
1581213595 89
1581213596 52
1581213596 38
1581213597 83
1581213597 100
1581213598 88
1581213598 61
1581213599 19
1581213599 58
1581213600 69
1581213600 22
1581213601 26
1581213601 48
1581213602 48
1581213602 23
1581213603 50
1581213603 76
1581213604 97
1581213604 31
1581213605 79
1581213605 77
1581213606 106
1581213607 106
