1581215578 1076
1581215578 90
1581215578 105
1581215578 27
1581215578 69
1581215578 45
1581215579 32
1581215579 72
1581215580 86
1581215580 88
1581215581 88
1581215581 87
1581215582 44
1581215582 86
1581215583 26
1581215583 74
1581215584 74
1581215584 69
1581215585 16
1581215585 55
1581215586 85
1581215586 68
1581215587 96
1581215587 79
1581215588 100
1581215588 75
1581215589 93
1581215589 33
1581215590 38
1581215590 58
1581215591 88
1581215591 62
1581215592 46
1581215592 47
1581215593 40
1581215593 53
1581215594 38
1581215594 85
1581215595 90
1581215595 53
1581215596 39
1581215596 83
1581215597 99
1581215597 88
1581215598 61
1581215598 20
1581215599 58
1581215599 69
1581215600 30
1581215600 26
1581215601 49
1581215601 48
1581215602 24
1581215602 50
1581215603 77
1581215603 97
1581215604 31
1581215604 79
1581215605 77
1581215606 106
1581215606 106
