1581216302 699
1581216303 92
1581216303 102
1581216303 26
1581216303 69
1581216303 45
1581216304 33
1581216304 72
1581216305 87
1581216305 87
1581216306 89
1581216306 86
1581216307 44
1581216307 87
1581216308 26
1581216308 74
1581216309 75
1581216309 69
1581216310 18
1581216310 54
1581216311 85
1581216311 68
1581216312 96
1581216312 79
1581216313 100
1581216313 75
1581216314 93
1581216314 32
1581216315 38
1581216315 58
1581216316 90
1581216316 62
1581216317 47
1581216317 47
1581216318 41
1581216318 52
1581216319 39
1581216319 85
1581216320 90
1581216320 53
1581216321 39
1581216321 83
1581216322 99
1581216322 88
1581216323 62
1581216323 19
1581216324 59
1581216324 68
1581216325 23
1581216325 26
1581216326 49
1581216326 47
1581216327 24
1581216327 49
1581216328 77
1581216328 97
1581216329 32
1581216329 78
1581216330 78
1581216330 106
1581216331 106
