1581214487 693
1581214487 90
1581214487 101
1581214487 26
1581214487 68
1581214488 45
1581214488 32
1581214489 72
1581214489 86
1581214490 87
1581214490 88
1581214491 86
1581214491 44
1581214492 86
1581214492 26
1581214493 74
1581214493 74
1581214494 69
1581214494 17
1581214495 53
1581214495 85
1581214496 67
1581214496 96
1581214497 79
1581214497 100
1581214498 77
1581214498 93
1581214499 33
1581214499 38
1581214500 57
1581214500 89
1581214501 62
1581214501 47
1581214502 47
1581214502 41
1581214503 52
1581214503 38
1581214504 84
1581214504 90
1581214505 53
1581214505 39
1581214506 82
1581214506 99
1581214507 88
1581214507 62
1581214508 20
1581214508 59
1581214509 68
1581214509 23
1581214510 25
1581214510 49
1581214511 47
1581214511 24
1581214512 50
1581214512 76
1581214513 97
1581214513 32
1581214514 79
1581214514 78
1581214515 106
1581214515 106
