1581216200 699
1581216200 90
1581216200 101
1581216200 26
1581216200 68
1581216201 45
1581216201 32
1581216202 72
1581216202 86
1581216203 87
1581216203 88
1581216204 87
1581216204 44
1581216205 86
1581216205 26
1581216206 74
1581216206 74
1581216207 69
1581216207 16
1581216208 56
1581216208 85
1581216209 68
1581216209 96
1581216210 79
1581216210 100
1581216211 75
1581216211 93
1581216212 33
1581216212 38
1581216213 58
1581216213 89
1581216214 62
1581216214 46
1581216215 47
1581216215 41
1581216216 53
1581216216 38
1581216217 85
1581216217 90
1581216218 52
1581216218 39
1581216219 83
1581216219 99
1581216220 88
1581216220 62
1581216221 20
1581216221 61
1581216222 69
1581216222 23
1581216223 26
1581216223 49
1581216224 48
1581216224 24
1581216225 50
1581216225 77
1581216226 97
1581216226 31
1581216227 79
1581216227 77
1581216228 106
1581216228 106
