1581215276 1040
1581215276 94
1581215276 103
1581215276 26
1581215276 68
1581215276 45
1581215277 32
1581215277 72
1581215278 86
1581215278 87
1581215279 88
1581215279 87
1581215280 44
1581215280 86
1581215281 27
1581215281 74
1581215282 76
1581215282 69
1581215283 17
1581215283 54
1581215284 85
1581215284 68
1581215285 96
1581215285 79
1581215286 100
1581215286 75
1581215287 93
1581215287 32
1581215288 38
1581215288 57
1581215289 89
1581215289 62
1581215290 47
1581215290 47
1581215291 41
1581215291 53
1581215292 38
1581215292 85
1581215293 90
1581215293 53
1581215294 39
1581215294 83
1581215295 99
1581215295 88
1581215296 62
1581215296 20
1581215297 59
1581215297 68
1581215298 23
1581215298 25
1581215299 49
1581215299 48
1581215300 23
1581215300 50
1581215301 77
1581215301 97
1581215302 32
1581215302 79
1581215303 78
1581215304 106
1581215304 106
