1581213768 914
1581213768 95
1581213768 103
1581213768 27
1581213768 68
1581213769 45
1581213769 32
1581213770 72
1581213770 86
1581213771 87
1581213771 88
1581213772 86
1581213772 44
1581213773 86
1581213773 26
1581213774 74
1581213774 74
1581213775 68
1581213775 17
1581213776 53
1581213776 85
1581213777 68
1581213777 96
1581213778 79
1581213778 99
1581213779 75
1581213779 93
1581213780 33
1581213780 38
1581213781 57
1581213781 89
1581213782 62
1581213782 47
1581213783 46
1581213783 41
1581213784 52
1581213784 39
1581213785 84
1581213785 90
1581213786 52
1581213786 39
1581213787 82
1581213787 99
1581213788 87
1581213788 62
1581213789 19
1581213789 58
1581213790 69
1581213790 22
1581213791 26
1581213791 49
1581213792 48
1581213792 23
1581213793 49
1581213793 76
1581213794 96
1581213794 36
1581213795 78
1581213795 78
1581213796 105
1581213796 105
