1581215475 854
1581215475 93
1581215475 103
1581215475 26
1581215475 67
1581215475 45
1581215476 32
1581215476 73
1581215477 86
1581215477 87
1581215478 89
1581215478 86
1581215479 44
1581215479 87
1581215480 26
1581215480 74
1581215481 74
1581215481 69
1581215482 16
1581215482 54
1581215483 85
1581215483 68
1581215484 95
1581215484 79
1581215485 99
1581215485 76
1581215486 93
1581215486 32
1581215487 38
1581215487 57
1581215488 89
1581215488 62
1581215489 47
1581215489 47
1581215490 41
1581215490 53
1581215491 38
1581215491 85
1581215492 90
1581215492 52
1581215493 39
1581215493 83
1581215494 99
1581215494 88
1581215495 62
1581215495 20
1581215496 58
1581215496 69
1581215497 22
1581215497 26
1581215498 48
1581215498 48
1581215499 23
1581215499 50
1581215500 76
1581215500 96
1581215501 32
1581215501 78
1581215502 77
1581215502 106
1581215503 106
