1581214064 749
1581214064 92
1581214065 101
1581214065 27
1581214065 68
1581214065 45
1581214065 32
1581214066 72
1581214066 86
1581214067 87
1581214067 88
1581214068 85
1581214068 44
1581214069 86
1581214069 26
1581214070 74
1581214070 74
1581214071 69
1581214071 16
1581214072 54
1581214073 84
1581214073 68
1581214074 96
1581214074 78
1581214075 100
1581214075 75
1581214076 93
1581214076 33
1581214076 37
1581214077 58
1581214078 89
1581214078 62
1581214078 47
1581214079 46
1581214079 41
1581214080 52
1581214080 38
1581214081 84
1581214082 90
1581214082 52
1581214082 38
1581214083 83
1581214084 98
1581214084 88
1581214084 61
1581214085 19
1581214085 59
1581214086 69
1581214086 22
1581214087 25
1581214087 49
1581214088 47
1581214088 24
1581214089 49
1581214090 76
1581214090 97
1581214090 32
1581214091 78
1581214092 77
1581214092 105
1581214093 106
