1581216804 731
1581216804 90
1581216804 101
1581216805 26
1581216805 68
1581216805 45
1581216805 33
1581216806 72
1581216806 87
1581216807 87
1581216807 89
1581216808 86
1581216808 44
1581216809 86
1581216809 26
1581216810 75
1581216810 74
1581216811 70
1581216811 17
1581216812 54
1581216812 86
1581216813 68
1581216814 96
1581216814 79
1581216815 100
1581216815 76
1581216816 93
1581216816 33
1581216816 38
1581216817 58
1581216818 89
1581216818 62
1581216818 47
1581216819 47
1581216819 41
1581216820 53
1581216820 38
1581216821 85
1581216822 90
1581216822 53
1581216822 39
1581216823 83
1581216824 99
1581216824 88
1581216824 62
1581216825 19
1581216825 59
1581216826 69
1581216826 23
1581216827 25
1581216827 49
1581216828 48
1581216828 24
1581216829 50
1581216830 76
1581216830 97
1581216830 32
1581216831 79
1581216832 78
1581216832 105
