1581214164 1012
1581214164 93
1581214165 102
1581214165 26
1581214165 68
1581214165 45
1581214165 32
1581214166 72
1581214166 86
1581214167 87
1581214167 89
1581214168 86
1581214168 45
1581214169 86
1581214169 26
1581214170 74
1581214170 74
1581214171 69
1581214171 17
1581214172 54
1581214172 85
1581214173 68
1581214173 96
1581214174 79
1581214174 100
1581214175 75
1581214175 93
1581214176 33
1581214176 38
1581214177 59
1581214177 89
1581214178 61
1581214178 47
1581214179 46
1581214179 41
1581214180 52
1581214180 39
1581214181 85
1581214181 90
1581214182 52
1581214182 39
1581214183 82
1581214183 99
1581214184 87
1581214184 62
1581214185 19
1581214185 59
1581214186 68
1581214186 23
1581214187 26
1581214187 49
1581214188 47
1581214188 24
1581214189 50
1581214189 77
1581214190 97
1581214190 31
1581214191 79
1581214191 77
1581214192 106
1581214192 106
