1581217011 1029
1581217011 93
1581217011 102
1581217011 26
1581217011 68
1581217011 45
1581217012 32
1581217012 72
1581217013 87
1581217013 87
1581217014 89
1581217014 86
1581217015 45
1581217015 86
1581217016 26
1581217016 74
1581217017 74
1581217017 69
1581217018 17
1581217018 54
1581217019 85
1581217019 68
1581217020 96
1581217020 79
1581217021 100
1581217021 75
1581217022 93
1581217022 32
1581217023 38
1581217023 58
1581217024 90
1581217024 62
1581217025 47
1581217025 47
1581217026 41
1581217026 53
1581217027 39
1581217027 85
1581217028 90
1581217028 52
1581217029 39
1581217029 82
1581217030 100
1581217030 87
1581217031 62
1581217031 20
1581217032 59
1581217032 68
1581217033 23
1581217033 26
1581217034 49
1581217034 48
1581217035 23
1581217035 49
1581217036 77
1581217036 96
1581217037 33
1581217037 79
1581217038 78
1581217039 106
