1581213864 1078
1581213864 94
1581213864 109
1581213864 26
1581213865 68
1581213865 45
1581213865 32
1581213866 72
1581213866 86
1581213867 88
1581213867 89
1581213868 86
1581213868 44
1581213869 87
1581213869 26
1581213870 74
1581213870 74
1581213871 68
1581213871 17
1581213872 53
1581213872 85
1581213873 68
1581213873 96
1581213874 78
1581213874 100
1581213875 74
1581213875 93
1581213876 32
1581213876 38
1581213877 58
1581213877 88
1581213878 62
1581213878 46
1581213879 47
1581213879 40
1581213880 52
1581213880 38
1581213881 85
1581213881 89
1581213882 53
1581213882 38
1581213883 82
1581213883 99
1581213884 87
1581213884 62
1581213885 19
1581213885 59
1581213886 68
1581213886 22
1581213887 26
1581213887 48
1581213888 47
1581213888 24
1581213889 49
1581213889 76
1581213890 97
1581213890 31
1581213891 79
1581213891 77
1581213892 106
1581213892 105
