1581216405 1051
1581216405 93
1581216406 102
1581216406 26
1581216406 68
1581216406 45
1581216406 32
1581216407 73
1581216407 86
1581216408 88
1581216408 89
1581216409 86
1581216409 45
1581216410 87
1581216410 27
1581216411 74
1581216411 75
1581216412 69
1581216412 18
1581216413 54
1581216413 86
1581216414 68
1581216414 95
1581216415 79
1581216415 100
1581216416 75
1581216416 92
1581216417 33
1581216417 38
1581216418 58
1581216418 89
1581216419 63
1581216419 47
1581216420 47
1581216420 41
1581216421 53
1581216421 38
1581216422 85
1581216422 90
1581216423 52
1581216423 39
1581216424 83
1581216424 99
1581216425 88
1581216425 62
1581216426 20
1581216426 59
1581216427 69
1581216427 23
1581216428 26
1581216428 49
1581216429 48
1581216429 23
1581216430 50
1581216430 77
1581216431 97
1581216431 32
1581216432 78
1581216432 78
1581216433 105
1581216433 106
