1581214980 932
1581214980 94
1581214980 103
1581214980 27
1581214980 68
1581214980 45
1581214981 32
1581214981 72
1581214982 86
1581214982 87
1581214983 89
1581214983 86
1581214984 44
1581214984 86
1581214985 26
1581214985 74
1581214986 74
1581214986 69
1581214987 17
1581214987 54
1581214988 85
1581214988 68
1581214989 95
1581214989 79
1581214990 100
1581214990 75
1581214991 93
1581214991 33
1581214992 38
1581214992 58
1581214993 89
1581214993 62
1581214994 47
1581214994 47
1581214995 40
1581214995 53
1581214996 39
1581214996 85
1581214997 90
1581214997 53
1581214998 39
1581214998 83
1581214999 101
1581214999 88
1581215000 62
1581215000 20
1581215001 59
1581215001 69
1581215002 22
1581215002 26
1581215003 48
1581215003 48
1581215004 23
1581215004 50
1581215005 77
1581215005 97
1581215006 32
1581215006 79
1581215007 77
1581215007 106
1581215008 105
