1581215077 717
1581215077 92
1581215077 102
1581215077 26
1581215077 69
1581215078 45
1581215078 32
1581215079 72
1581215079 86
1581215080 88
1581215080 88
1581215081 85
1581215081 44
1581215082 86
1581215082 27
1581215083 74
1581215083 75
1581215084 69
1581215084 17
1581215085 54
1581215085 85
1581215086 68
1581215086 96
1581215087 78
1581215087 100
1581215088 75
1581215088 93
1581215089 33
1581215089 38
1581215090 58
1581215090 89
1581215091 62
1581215091 46
1581215092 47
1581215092 40
1581215093 53
1581215093 38
1581215094 85
1581215094 90
1581215095 52
1581215095 39
1581215096 82
1581215096 99
1581215097 87
1581215097 62
1581215098 19
1581215098 59
1581215099 69
1581215099 23
1581215100 25
1581215100 49
1581215101 48
1581215101 23
1581215102 50
1581215102 77
1581215103 97
1581215103 31
1581215104 79
1581215104 78
1581215105 106
1581215105 106
