1581216906 990
1581216906 94
1581216907 103
1581216907 27
1581216907 68
1581216907 46
1581216907 32
1581216908 72
1581216908 87
1581216909 87
1581216909 88
1581216910 87
1581216910 45
1581216911 86
1581216911 26
1581216912 74
1581216912 75
1581216913 69
1581216913 17
1581216914 54
1581216914 85
1581216915 68
1581216915 95
1581216916 80
1581216916 100
1581216917 76
1581216917 93
1581216918 33
1581216918 38
1581216919 59
1581216919 89
1581216920 62
1581216920 47
1581216921 47
1581216921 41
1581216922 53
1581216922 37
1581216923 85
1581216923 90
1581216924 52
1581216924 39
1581216925 83
1581216925 99
1581216926 88
1581216926 61
1581216927 19
1581216927 58
1581216928 69
1581216928 22
1581216929 26
1581216929 48
1581216930 48
1581216930 23
1581216931 50
1581216931 76
1581216932 97
1581216932 31
1581216933 79
1581216933 78
1581216934 106
1581216934 106
