1581213482 770
1581213482 92
1581213482 102
1581213482 26
1581213482 68
1581213483 45
1581213483 32
1581213484 72
1581213484 86
1581213485 87
1581213485 88
1581213486 86
1581213486 44
1581213487 86
1581213487 25
1581213488 74
1581213488 74
1581213489 69
1581213489 17
1581213490 54
1581213490 85
1581213491 68
1581213491 95
1581213492 78
1581213492 100
1581213493 75
1581213493 93
1581213494 32
1581213494 38
1581213495 57
1581213495 89
1581213496 62
1581213496 46
1581213497 46
1581213497 40
1581213498 53
1581213498 37
1581213499 85
1581213499 89
1581213500 52
1581213500 38
1581213501 83
1581213501 98
1581213502 88
1581213502 61
1581213503 19
1581213503 58
1581213504 68
1581213504 23
1581213505 25
1581213505 49
1581213506 47
1581213506 23
1581213507 49
1581213507 76
1581213508 96
1581213508 31
1581213509 79
1581213509 77
1581213510 106
1581213510 105
