1581216001 866
1581216001 91
1581216001 104
1581216001 27
1581216001 68
1581216001 45
1581216002 32
1581216002 72
1581216003 87
1581216003 87
1581216004 89
1581216004 86
1581216005 44
1581216005 86
1581216006 26
1581216006 74
1581216007 74
1581216007 69
1581216008 17
1581216008 54
1581216009 85
1581216009 68
1581216010 95
1581216010 79
1581216011 100
1581216011 75
1581216012 92
1581216012 33
1581216013 38
1581216013 58
1581216014 89
1581216014 62
1581216015 47
1581216015 47
1581216016 41
1581216016 53
1581216017 38
1581216018 85
1581216018 90
1581216018 53
1581216019 39
1581216020 82
1581216020 100
1581216021 88
1581216021 62
1581216021 19
1581216022 59
1581216022 68
1581216023 23
1581216023 25
1581216024 49
1581216024 48
1581216025 24
1581216025 49
1581216026 77
1581216027 97
1581216027 32
1581216028 78
1581216028 78
1581216029 106
1581216029 106
