1581213676 632
1581213676 93
1581213676 102
1581213676 26
1581213676 68
1581213676 45
1581213677 33
1581213677 72
1581213678 86
1581213678 87
1581213679 88
1581213679 86
1581213680 44
1581213680 86
1581213681 26
1581213681 74
1581213682 75
1581213682 69
1581213683 17
1581213683 54
1581213684 85
1581213684 68
1581213685 96
1581213685 79
1581213686 100
1581213686 75
1581213687 93
1581213687 32
1581213688 38
1581213688 57
1581213689 89
1581213689 62
1581213690 47
1581213690 46
1581213691 41
1581213691 52
1581213692 38
1581213692 85
1581213693 90
1581213693 52
1581213694 39
1581213694 82
1581213695 100
1581213695 87
1581213696 62
1581213696 19
1581213697 59
1581213697 68
1581213698 23
1581213698 25
1581213699 48
1581213699 48
1581213700 23
1581213700 50
1581213701 77
1581213702 96
1581213702 32
1581213702 81
1581213703 78
1581213704 106
1581213704 105
