1581213207 11899
1581213207 93
1581213207 103
1581213207 27
1581213207 68
1581213207 45
1581213207 32
1581213208 72
1581213208 86
1581213208 87
1581213208 88
1581213208 86
1581213208 44
1581213208 86
1581213208 26
1581213208 74
1581213208 74
1581213208 69
1581213208 17
1581213208 53
1581213208 85
1581213208 67
1581213209 95
1581213209 79
1581213209 99
1581213209 75
1581213209 93
1581213209 32
1581213209 38
1581213209 57
1581213209 88
1581213210 62
1581213210 46
1581213211 47
1581213211 40
1581213212 53
1581213212 38
1581213213 84
1581213213 90
1581213214 52
1581213214 38
1581213215 83
1581213215 98
1581213216 88
1581213216 61
1581213217 19
1581213217 58
1581213218 69
1581213218 22
1581213219 25
1581213219 49
1581213220 47
1581213220 23
1581213221 49
1581213221 76
1581213222 97
1581213222 35
1581213223 78
1581213223 77
1581213224 105
1581213224 105
