1581215902 738
1581215902 90
1581215902 101
1581215902 26
1581215902 68
1581215902 45
1581215903 32
1581215903 73
1581215904 86
1581215904 87
1581215905 89
1581215905 86
1581215906 45
1581215906 86
1581215907 26
1581215907 74
1581215908 74
1581215908 69
1581215909 17
1581215909 54
1581215910 86
1581215910 68
1581215911 95
1581215911 79
1581215912 100
1581215912 75
1581215913 93
1581215913 32
1581215914 38
1581215914 58
1581215915 89
1581215915 62
1581215916 46
1581215916 47
1581215917 41
1581215917 53
1581215918 38
1581215918 84
1581215919 90
1581215919 53
1581215920 39
1581215920 83
1581215921 99
1581215921 88
1581215922 62
1581215922 19
1581215923 59
1581215923 68
1581215924 23
1581215924 26
1581215925 48
1581215925 48
1581215926 24
1581215926 49
1581215927 77
1581215927 96
1581215928 32
1581215928 79
1581215929 77
1581215929 106
1581215930 106
