1581216103 1037
1581216103 95
1581216103 103
1581216103 27
1581216104 68
1581216104 45
1581216104 32
1581216105 73
1581216105 86
1581216106 87
1581216106 89
1581216107 87
1581216107 44
1581216108 86
1581216108 26
1581216109 74
1581216109 75
1581216110 69
1581216110 17
1581216111 55
1581216111 85
1581216112 68
1581216112 96
1581216113 79
1581216113 100
1581216114 76
1581216114 93
1581216115 33
1581216115 38
1581216116 59
1581216116 89
1581216117 62
1581216117 47
1581216118 47
1581216118 40
1581216119 53
1581216119 38
1581216120 85
1581216120 90
1581216121 53
1581216121 39
1581216122 83
1581216122 99
1581216123 88
1581216123 62
1581216124 20
1581216124 59
1581216125 69
1581216125 23
1581216126 26
1581216126 49
1581216127 48
1581216127 23
1581216128 50
1581216128 77
1581216129 98
1581216129 32
1581216130 79
1581216130 78
1581216131 106
1581216131 105
