1581214685 1146
1581214686 92
1581214686 103
1581214686 26
1581214686 68
1581214686 45
1581214686 32
1581214687 72
1581214687 86
1581214688 88
1581214688 88
1581214689 86
1581214689 44
1581214690 86
1581214690 26
1581214691 75
1581214691 74
1581214692 69
1581214692 17
1581214693 55
1581214693 85
1581214694 68
1581214694 96
1581214695 79
1581214695 100
1581214696 75
1581214696 92
1581214697 33
1581214697 37
1581214698 58
1581214698 89
1581214699 62
1581214699 47
1581214700 47
1581214700 41
1581214701 52
1581214701 38
1581214702 85
1581214702 89
1581214703 53
1581214703 38
1581214704 83
1581214704 99
1581214705 88
1581214705 62
1581214706 19
1581214706 59
1581214707 69
1581214707 23
1581214708 26
1581214708 49
1581214709 48
1581214709 23
1581214710 50
1581214710 76
1581214711 97
1581214711 32
1581214712 79
1581214712 78
1581214713 105
1581214713 106
