1581215373 676
1581215374 90
1581215374 101
1581215374 26
1581215374 68
1581215374 46
1581215375 32
1581215375 72
1581215376 86
1581215376 87
1581215377 88
1581215377 86
1581215378 47
1581215378 86
1581215379 26
1581215379 74
1581215380 74
1581215380 69
1581215381 16
1581215381 54
1581215382 84
1581215382 68
1581215383 95
1581215383 79
1581215384 100
1581215384 75
1581215385 93
1581215385 33
1581215386 38
1581215386 58
1581215387 89
1581215387 62
1581215388 46
1581215388 47
1581215389 40
1581215389 53
1581215390 38
1581215390 86
1581215391 90
1581215391 53
1581215392 39
1581215392 83
1581215393 98
1581215393 88
1581215394 61
1581215394 20
1581215395 58
1581215395 68
1581215396 23
1581215396 26
1581215397 49
1581215397 48
1581215398 24
1581215398 50
1581215399 77
1581215399 97
1581215400 32
1581215400 79
1581215401 77
1581215401 106
1581215402 106
