1581216704 1041
1581216704 94
1581216704 103
1581216704 27
1581216704 69
1581216704 46
1581216704 33
1581216705 73
1581216705 86
1581216706 88
1581216706 88
1581216707 87
1581216707 45
1581216708 87
1581216708 26
1581216709 75
1581216709 74
1581216710 69
1581216710 17
1581216711 54
1581216711 86
1581216712 68
1581216712 96
1581216713 79
1581216713 100
1581216714 75
1581216714 93
1581216715 33
1581216715 39
1581216716 58
1581216716 89
1581216717 63
1581216717 47
1581216718 47
1581216718 41
1581216719 53
1581216719 38
1581216720 85
1581216720 90
1581216721 53
1581216721 39
1581216722 83
1581216722 99
1581216723 88
1581216723 62
1581216724 20
1581216724 59
1581216725 69
1581216725 23
1581216726 26
1581216726 49
1581216727 48
1581216727 24
1581216728 50
1581216728 77
1581216729 97
1581216729 32
1581216730 79
1581216730 78
1581216731 106
1581216731 106
