1581214046 452
1581214046 127
1581214046 138
1581214046 62
1581214046 105
1581214047 81
1581214047 68
1581214048 108
1581214048 122
1581214049 124
1581214049 124
1581214050 122
1581214050 80
1581214051 122
1581214051 63
1581214052 110
1581214052 110
1581214053 105
1581214053 54
1581214054 90
1581214054 121
1581214055 104
1581214055 131
1581214056 115
1581214056 135
1581214057 111
1581214057 128
1581214058 69
1581214058 74
1581214059 94
1581214059 125
1581214060 97
1581214060 83
1581214061 82
1581214061 77
1581214062 88
1581214062 74
