1581215559 471
1581215559 128
1581215559 140
1581215559 62
1581215560 104
1581215560 81
1581215561 69
1581215561 108
1581215562 123
1581215562 123
1581215563 125
1581215563 122
1581215564 81
1581215564 122
1581215565 63
1581215565 110
1581215566 111
1581215566 105
1581215567 54
1581215567 90
1581215568 121
1581215568 104
1581215569 132
1581215569 115
1581215570 136
1581215570 112
1581215571 129
1581215571 69
1581215572 74
1581215572 95
1581215573 125
1581215573 98
1581215574 83
1581215574 83
1581215575 77
1581215575 89
1581215576 74
