1581215456 444
1581215456 128
1581215456 138
1581215456 63
1581215457 104
1581215457 81
1581215458 68
1581215458 108
1581215459 123
1581215459 123
1581215460 124
1581215460 122
1581215461 80
1581215461 123
1581215462 62
1581215462 111
1581215463 110
1581215463 105
1581215464 53
1581215464 90
1581215465 121
1581215465 104
1581215466 132
1581215466 115
1581215467 136
1581215467 113
1581215468 128
1581215468 69
1581215469 73
1581215469 94
1581215470 125
1581215470 98
1581215471 83
1581215471 83
1581215472 76
1581215472 89
1581215473 73
