1581214145 515
1581214145 129
1581214145 138
1581214146 62
1581214146 104
1581214146 81
1581214147 69
1581214147 108
1581214148 123
1581214148 123
1581214149 125
1581214149 122
1581214150 80
1581214150 122
1581214151 62
1581214151 111
1581214152 110
1581214152 105
1581214153 53
1581214153 89
1581214154 121
1581214154 103
1581214155 132
1581214155 114
1581214156 136
1581214156 111
1581214157 129
1581214157 69
1581214158 73
1581214158 94
1581214159 124
1581214159 98
1581214160 83
1581214160 83
1581214161 77
1581214161 89
1581214162 74
