1581216888 447
1581216888 129
1581216888 138
1581216888 62
1581216888 104
1581216889 82
1581216889 68
1581216890 109
1581216890 122
1581216891 124
1581216891 124
1581216892 122
1581216892 80
1581216893 122
1581216893 62
1581216894 110
1581216894 110
1581216895 105
1581216895 54
1581216896 90
1581216896 121
1581216897 104
1581216897 132
1581216898 115
1581216898 136
1581216899 111
1581216899 129
1581216900 68
1581216900 74
1581216901 94
1581216901 125
1581216902 98
1581216902 83
1581216903 83
1581216903 77
1581216904 89
1581216904 74
