1581216992 471
1581216992 136
1581216992 139
1581216992 62
1581216992 105
1581216993 81
1581216993 69
1581216994 109
1581216994 123
1581216995 123
1581216995 125
1581216996 122
1581216996 80
1581216997 123
1581216997 62
1581216998 111
1581216998 110
1581216999 105
1581216999 53
1581217000 91
1581217000 121
1581217001 104
1581217001 132
1581217002 115
1581217002 136
1581217003 111
1581217003 129
1581217004 69
1581217004 74
1581217005 94
1581217005 125
1581217006 98
1581217006 83
1581217007 83
1581217007 78
1581217008 89
1581217008 74
1581217009 121
