1581211051 621
1581211051 75
1581211051 80
1581211051 100
1581211051 94
1581211052 94
1581211052 27
1581211053 83
1581211053 92
1581211054 85
1581211054 57
1581211055 94
1581211055 26
1581211055 63
1581211056 61
1581211056 17
1581211057 78
1581211058 82
1581211058 82
1581211058 25
1581211059 74
1581211060 104
1581211060 43
1581211060 57
1581211061 91
1581211062 68
1581211062 93
1581211063 100
1581211063 84
1581211064 83
1581211064 58
1581211064 45
1581211065 93
1581211066 97
1581211066 100
1581211066 40
1581211067 30
1581211067 50
1581211068 93
1581211069 57
1581211069 70
1581211070 60
1581211070 17
1581211071 57
1581211071 28
1581211071 23
1581211072 54
1581211073 94
1581211073 82
1581211074 95
1581211074 34
1581211075 56
1581211075 64
1581211076 62
1581211076 56
1581211076 37
1581211077 100
1581211077 34
1581211078 47
1581211079 96
1581211079 56
