1581208603 5967
1581208603 77
1581208603 81
1581208603 100
1581208604 94
1581208604 93
1581208604 27
1581208604 82
1581208604 91
1581208604 84
1581208604 57
1581208604 93
1581208604 25
1581208604 62
1581208604 60
1581208604 16
1581208604 78
1581208605 82
1581208605 81
1581208606 25
1581208606 74
1581208607 104
1581208607 42
1581208608 57
1581208608 91
1581208609 68
1581208609 93
1581208610 100
1581208610 83
1581208611 83
1581208611 58
1581208612 44
1581208612 93
1581208613 97
1581208613 101
1581208614 39
1581208614 30
1581208615 50
1581208615 93
1581208616 58
1581208616 69
1581208617 60
1581208617 16
1581208618 56
1581208618 29
1581208619 22
1581208619 54
1581208620 93
1581208620 83
1581208621 94
1581208621 33
1581208622 55
1581208622 64
1581208623 61
1581208623 56
1581208624 37
1581208624 100
1581208625 35
1581208625 47
1581208626 97
1581208626 55
