1581209818 921
1581209818 80
1581209818 83
1581209818 101
1581209818 95
1581209819 93
1581209819 28
1581209819 83
1581209820 92
1581209820 84
1581209821 57
1581209821 94
1581209822 26
1581209822 63
1581209823 61
1581209823 16
1581209824 78
1581209824 81
1581209825 82
1581209825 24
1581209826 74
1581209826 103
1581209827 43
1581209827 57
1581209828 92
1581209828 68
1581209829 94
1581209829 100
1581209830 84
1581209830 84
1581209831 58
1581209831 44
1581209832 93
1581209833 97
1581209833 101
1581209833 40
1581209834 30
1581209834 50
1581209835 93
1581209835 58
1581209836 69
1581209836 60
1581209837 20
1581209837 57
1581209838 29
1581209838 23
1581209839 55
1581209840 94
1581209840 83
1581209841 94
1581209841 34
1581209841 56
1581209842 63
1581209842 62
1581209843 57
1581209843 36
1581209844 101
1581209844 34
1581209845 48
1581209846 96
1581209846 56
