1581210230 805
1581210230 79
1581210230 82
1581210230 101
1581210230 95
1581210231 93
1581210231 28
1581210232 83
1581210232 93
1581210233 84
1581210233 58
1581210234 94
1581210234 26
1581210235 64
1581210235 61
1581210235 17
1581210236 78
1581210237 82
1581210237 82
1581210237 25
1581210238 74
1581210239 105
1581210239 43
1581210240 57
1581210240 92
1581210241 69
1581210241 94
1581210242 100
1581210242 84
1581210243 84
1581210243 58
1581210244 45
1581210244 93
1581210245 97
1581210245 101
1581210246 40
1581210246 31
1581210247 50
1581210247 94
1581210248 58
1581210248 70
1581210249 60
1581210249 17
1581210250 57
1581210250 29
1581210251 23
1581210251 55
1581210252 94
1581210252 82
1581210253 95
1581210253 33
1581210254 56
1581210254 63
1581210255 62
1581210255 56
1581210256 40
1581210256 101
1581210257 34
1581210257 48
1581210258 97
1581210258 55
