1581209899 747
1581209899 78
1581209899 81
1581209899 100
1581209899 93
1581209900 93
1581209900 28
1581209901 83
1581209901 92
1581209902 84
1581209902 57
1581209903 93
1581209903 26
1581209904 63
1581209904 61
1581209905 17
1581209905 78
1581209906 82
1581209906 82
1581209907 25
1581209907 74
1581209908 104
1581209908 43
1581209909 56
1581209909 92
1581209910 67
1581209910 94
1581209911 99
1581209911 84
1581209912 83
1581209912 58
1581209913 45
1581209913 93
1581209914 97
1581209914 101
1581209915 40
1581209915 30
1581209916 50
1581209916 93
1581209917 57
1581209917 70
1581209918 59
1581209918 17
1581209919 56
1581209919 28
1581209920 23
1581209920 55
1581209921 93
1581209921 83
1581209922 94
1581209922 34
1581209923 55
1581209923 64
1581209924 61
1581209924 57
1581209925 37
1581209925 101
1581209926 34
1581209926 47
1581209927 97
1581209927 56
