1581208785 24173
1581208785 76
1581208785 80
1581208785 100
1581208785 94
1581208785 92
1581208785 27
1581208785 83
1581208786 92
1581208786 83
1581208786 57
1581208786 93
1581208786 26
1581208786 62
1581208786 60
1581208786 16
1581208786 78
1581208786 81
1581208786 81
1581208786 25
1581208786 73
1581208786 103
1581208786 42
1581208787 56
1581208787 91
1581208787 67
1581208787 94
1581208787 99
1581208787 83
1581208787 84
1581208787 58
1581208787 44
1581208787 92
1581208787 97
1581208787 100
1581208787 39
1581208788 30
1581208788 49
1581208788 93
1581208788 57
1581208788 70
1581208788 59
1581208788 18
1581208788 56
1581208788 28
1581208788 22
1581208788 54
1581208788 93
1581208788 83
1581208788 94
1581208788 33
1581208788 55
1581208788 63
1581208788 61
1581208789 56
1581208789 36
1581208789 100
1581208789 34
1581208789 47
1581208789 97
1581208790 56
