1581211381 892
1581211382 79
1581211382 81
1581211382 100
1581211382 94
1581211382 93
1581211382 28
1581211383 84
1581211384 92
1581211384 85
1581211385 59
1581211385 93
1581211385 27
1581211386 63
1581211387 62
1581211387 17
1581211388 79
1581211388 82
1581211389 82
1581211389 25
1581211390 74
1581211390 104
1581211391 43
1581211391 57
1581211392 92
1581211392 68
1581211393 94
1581211393 100
1581211394 84
1581211394 84
1581211395 59
1581211395 45
1581211396 93
1581211396 97
1581211397 101
1581211397 40
1581211398 31
1581211398 49
1581211399 94
1581211399 58
1581211400 70
1581211400 60
1581211400 18
1581211401 57
1581211402 29
1581211402 23
1581211403 55
1581211403 94
1581211404 83
1581211404 95
1581211405 34
1581211405 56
1581211406 64
1581211406 61
1581211407 57
1581211407 37
1581211408 101
1581211408 35
1581211409 48
1581211409 97
1581211410 56
