1581210314 1007
1581210314 78
1581210314 83
1581210314 101
1581210314 94
1581210315 93
1581210315 28
1581210315 84
1581210316 92
1581210316 85
1581210317 59
1581210317 93
1581210318 26
1581210318 63
1581210319 61
1581210319 17
1581210320 78
1581210320 82
1581210321 82
1581210321 25
1581210322 74
1581210322 104
1581210323 42
1581210323 57
1581210324 92
1581210324 68
1581210325 94
1581210325 100
1581210326 84
1581210326 84
1581210327 58
1581210327 45
1581210328 93
1581210328 96
1581210329 101
1581210329 39
1581210330 31
1581210330 50
1581210331 94
1581210331 58
1581210332 69
1581210332 60
1581210333 17
1581210333 57
1581210334 28
1581210334 23
1581210335 55
1581210335 93
1581210336 82
1581210336 95
1581210337 33
1581210337 56
1581210338 63
1581210338 62
1581210339 56
1581210339 37
1581210340 101
1581210340 35
1581210341 47
1581210341 97
1581210342 56
