1581210066 1049
1581210066 79
1581210066 82
1581210066 100
1581210066 94
1581210066 93
1581210067 28
1581210067 83
1581210068 92
1581210068 84
1581210069 57
1581210069 93
1581210070 26
1581210070 64
1581210071 61
1581210071 17
1581210072 79
1581210072 82
1581210073 83
1581210073 25
1581210074 74
1581210074 104
1581210075 43
1581210075 57
1581210076 92
1581210076 68
1581210077 94
1581210077 100
1581210078 84
1581210078 84
1581210079 58
1581210079 45
1581210080 93
1581210080 97
1581210081 101
1581210081 40
1581210082 31
1581210082 50
1581210083 94
1581210083 58
1581210084 70
1581210084 60
1581210085 17
1581210085 56
1581210086 29
1581210086 22
1581210087 54
1581210087 94
1581210088 83
1581210088 95
1581210089 33
1581210089 56
1581210090 64
1581210090 61
1581210091 57
1581210091 36
1581210092 101
1581210092 34
1581210093 48
1581210093 97
1581210094 100
