1581210803 758
1581210803 79
1581210803 81
1581210803 100
1581210804 94
1581210804 93
1581210804 29
1581210805 83
1581210805 92
1581210806 84
1581210806 57
1581210807 93
1581210807 26
1581210808 63
1581210808 61
1581210809 17
1581210809 78
1581210810 82
1581210810 82
1581210811 24
1581210811 74
1581210812 104
1581210812 43
1581210813 57
1581210813 91
1581210814 68
1581210814 94
1581210815 100
1581210815 84
1581210816 84
1581210816 58
1581210817 45
1581210817 93
1581210818 97
1581210818 101
1581210819 40
1581210819 31
1581210820 49
1581210820 94
1581210821 57
1581210821 70
1581210822 59
1581210822 17
1581210823 56
1581210823 29
1581210824 22
1581210824 54
1581210825 94
1581210825 83
1581210826 95
1581210826 34
1581210827 55
1581210827 64
1581210828 61
1581210828 56
1581210829 36
1581210829 101
1581210830 35
1581210830 48
1581210831 96
1581210831 56
