1581211631 923
1581211631 77
1581211631 82
1581211631 101
1581211631 94
1581211631 93
1581211632 28
1581211632 84
1581211633 93
1581211633 84
1581211634 58
1581211634 93
1581211635 26
1581211635 63
1581211636 61
1581211636 17
1581211637 78
1581211637 82
1581211638 82
1581211638 25
1581211639 75
1581211639 104
1581211640 43
1581211640 57
1581211641 92
1581211641 68
1581211642 94
1581211642 100
1581211643 84
1581211643 83
1581211644 58
1581211644 45
1581211645 93
1581211645 97
1581211646 101
1581211646 40
1581211647 31
1581211647 50
1581211648 94
1581211648 58
1581211649 70
1581211649 60
1581211650 17
1581211650 57
1581211651 29
1581211651 22
1581211652 55
1581211652 93
1581211653 83
1581211653 94
1581211654 34
1581211654 56
1581211655 64
1581211655 61
1581211656 57
1581211656 37
1581211657 101
1581211657 35
1581211658 48
1581211658 96
