1581211465 982
1581211465 79
1581211465 82
1581211465 101
1581211465 95
1581211465 93
1581211466 29
1581211466 83
1581211467 93
1581211467 84
1581211468 57
1581211468 93
1581211469 26
1581211469 63
1581211470 61
1581211470 17
1581211471 78
1581211471 82
1581211472 83
1581211472 25
1581211473 74
1581211473 104
1581211474 43
1581211474 57
1581211475 92
1581211475 71
1581211476 94
1581211476 100
1581211477 84
1581211477 83
1581211478 58
1581211478 45
1581211479 93
1581211479 96
1581211480 101
1581211480 39
1581211481 31
1581211481 50
1581211482 93
1581211482 58
1581211483 70
1581211483 60
1581211484 18
1581211484 57
1581211485 29
1581211485 23
1581211486 55
1581211486 93
1581211487 83
1581211487 94
1581211488 34
1581211488 56
1581211489 64
1581211489 62
1581211490 56
1581211490 37
1581211491 103
1581211491 34
1581211492 48
1581211492 97
1581211493 56
