1581211218 1085
1581211219 77
1581211219 83
1581211219 101
1581211219 94
1581211219 93
1581211219 29
1581211220 83
1581211220 93
1581211221 84
1581211221 57
1581211222 93
1581211222 26
1581211223 63
1581211223 61
1581211224 17
1581211224 78
1581211225 81
1581211225 82
1581211226 25
1581211226 74
1581211227 104
1581211227 43
1581211228 57
1581211228 91
1581211229 68
1581211229 94
1581211230 100
1581211230 84
1581211231 84
1581211231 58
1581211232 44
1581211232 93
1581211233 97
1581211233 101
1581211234 39
1581211234 31
1581211235 50
1581211235 94
1581211236 58
1581211236 70
1581211237 60
1581211237 17
1581211238 57
1581211238 29
1581211239 23
1581211239 55
1581211240 94
1581211240 83
1581211241 95
1581211241 34
1581211242 56
1581211242 64
1581211243 62
1581211243 57
1581211244 36
1581211244 101
1581211245 34
1581211245 48
1581211246 97
1581211246 56
