1581211718 985
1581211718 80
1581211718 83
1581211718 101
1581211718 95
1581211718 94
1581211719 29
1581211719 83
1581211720 93
1581211720 84
1581211721 58
1581211721 93
1581211722 26
1581211722 63
1581211723 61
1581211723 17
1581211724 78
1581211724 82
1581211725 82
1581211725 24
1581211726 75
1581211726 104
1581211727 43
1581211727 57
1581211728 93
1581211728 68
1581211729 94
1581211729 100
1581211730 84
1581211730 84
1581211731 58
1581211731 45
1581211732 93
1581211732 97
1581211733 101
1581211733 40
1581211734 31
1581211734 49
1581211735 94
1581211735 57
1581211736 70
1581211736 60
1581211737 18
1581211737 57
1581211738 29
1581211738 23
1581211739 55
1581211739 94
1581211740 83
1581211740 95
1581211741 34
1581211741 56
1581211742 64
1581211742 62
1581211743 57
1581211743 36
1581211744 101
1581211744 34
1581211745 48
1581211745 97
