1581210147 747
1581210147 76
1581210147 80
1581210147 100
1581210147 94
1581210148 92
1581210148 28
1581210149 82
1581210149 92
1581210150 84
1581210150 58
1581210151 93
1581210151 26
1581210152 63
1581210152 61
1581210153 16
1581210153 78
1581210154 81
1581210154 82
1581210155 24
1581210155 74
1581210156 103
1581210156 43
1581210157 56
1581210157 92
1581210158 67
1581210158 94
1581210159 99
1581210159 84
1581210160 83
1581210160 58
1581210161 44
1581210161 92
1581210162 96
1581210162 100
1581210163 39
1581210163 31
1581210164 49
1581210164 94
1581210165 57
1581210165 70
1581210166 60
1581210166 17
1581210167 56
1581210167 29
1581210168 23
1581210168 55
1581210169 94
1581210169 83
1581210170 94
1581210170 33
1581210171 56
1581210171 63
1581210172 62
1581210172 56
1581210173 36
1581210173 102
1581210174 35
1581210174 47
1581210175 96
1581210175 55
