1581211299 711
1581211299 79
1581211299 81
1581211299 101
1581211299 94
1581211300 94
1581211300 28
1581211301 83
1581211301 93
1581211302 84
1581211302 58
1581211303 93
1581211303 26
1581211304 63
1581211304 61
1581211305 17
1581211305 79
1581211306 82
1581211306 82
1581211307 25
1581211307 74
1581211308 103
1581211308 43
1581211309 57
1581211309 92
1581211310 68
1581211310 93
1581211311 100
1581211311 84
1581211312 84
1581211312 57
1581211313 45
1581211313 93
1581211314 97
1581211314 101
1581211315 40
1581211315 31
1581211316 49
1581211316 94
1581211317 57
1581211317 70
1581211318 60
1581211318 16
1581211319 57
1581211319 28
1581211320 23
1581211320 55
1581211321 94
1581211321 83
1581211322 94
1581211322 34
1581211323 56
1581211323 64
1581211324 62
1581211324 56
1581211325 37
1581211325 101
1581211326 35
1581211326 48
1581211327 96
1581211327 56
