1581208519 713
1581208520 77
1581208520 81
1581208520 100
1581208520 94
1581208520 93
1581208521 28
1581208521 82
1581208522 92
1581208522 83
1581208523 57
1581208523 92
1581208524 26
1581208524 63
1581208525 60
1581208525 17
1581208526 77
1581208526 82
1581208527 81
1581208527 25
1581208528 73
1581208528 104
1581208529 42
1581208529 56
1581208530 91
1581208530 68
1581208531 94
1581208531 99
1581208532 84
1581208532 84
1581208533 57
1581208533 45
1581208534 92
1581208534 96
1581208535 100
1581208535 39
1581208536 31
1581208536 49
1581208537 94
1581208537 57
1581208538 69
1581208538 60
1581208539 17
1581208539 57
1581208540 28
1581208540 22
1581208541 54
1581208541 94
1581208542 82
1581208542 94
1581208543 33
1581208543 55
1581208544 63
1581208544 61
1581208545 56
1581208545 36
1581208546 105
1581208546 34
1581208547 47
1581208547 96
1581208548 55