1581209651 600
1581209651 77
1581209652 80
1581209652 100
1581209652 94
1581209652 93
1581209653 28
1581209653 82
1581209654 92
1581209654 84
1581209655 58
1581209655 92
1581209656 26
1581209656 62
1581209657 61
1581209657 16
1581209658 78
1581209658 82
1581209659 83
1581209659 25
1581209660 73
1581209660 104
1581209661 42
1581209661 56
1581209662 92
1581209662 67
1581209663 94
1581209663 99
1581209664 84
1581209664 84
1581209665 58
1581209665 44
1581209666 93
1581209666 96
1581209667 101
1581209667 40
1581209668 31
1581209668 49
1581209669 94
1581209669 57
1581209670 69
1581209670 60
1581209671 17
1581209671 57
1581209672 29
1581209672 23
1581209673 55
1581209673 93
1581209674 83
1581209674 94
1581209675 34
1581209675 55
1581209676 64
1581209676 62
1581209677 56
1581209677 39
1581209678 101
1581209678 35
1581209679 47
1581209679 96
1581209680 55
