1581209734 862
1581209734 75
1581209734 81
1581209734 100
1581209735 94
1581209735 93
1581209735 28
1581209736 83
1581209736 92
1581209737 84
1581209737 57
1581209738 93
1581209738 26
1581209739 63
1581209739 61
1581209740 17
1581209740 78
1581209741 82
1581209741 82
1581209742 24
1581209742 74
1581209743 104
1581209743 42
1581209744 57
1581209744 92
1581209745 68
1581209745 94
1581209746 100
1581209746 84
1581209747 84
1581209747 58
1581209748 44
1581209748 93
1581209749 96
1581209749 101
1581209750 40
1581209750 31
1581209751 50
1581209751 94
1581209752 57
1581209752 70
1581209753 59
1581209753 18
1581209754 56
1581209754 29
1581209755 22
1581209755 55
1581209756 93
1581209756 83
1581209757 94
1581209757 34
1581209758 55
1581209758 64
1581209759 62
1581209759 56
1581209760 37
1581209760 101
1581209761 34
1581209761 48
1581209762 97
