1581209982 814
1581209982 79
1581209982 82
1581209982 100
1581209982 94
1581209982 94
1581209983 28
1581209983 84
1581209984 92
1581209984 84
1581209985 57
1581209985 93
1581209986 26
1581209986 63
1581209987 62
1581209987 17
1581209988 78
1581209988 82
1581209989 82
1581209989 25
1581209990 74
1581209990 104
1581209991 43
1581209991 57
1581209992 92
1581209992 68
1581209993 94
1581209993 100
1581209994 83
1581209994 84
1581209995 57
1581209995 45
1581209996 93
1581209996 97
1581209997 101
1581209997 40
1581209998 31
1581209998 50
1581209999 94
1581209999 58
1581210000 69
1581210000 60
1581210001 16
1581210001 57
1581210002 28
1581210002 23
1581210003 55
1581210003 94
1581210004 82
1581210004 95
1581210005 34
1581210005 56
1581210006 64
1581210006 62
1581210007 57
1581210007 36
1581210008 101
1581210008 35
1581210009 47
1581210009 97
1581210010 56
