1581209353 22039
1581209353 76
1581209353 82
1581209353 100
1581209353 94
1581209353 93
1581209353 28
1581209354 83
1581209354 92
1581209354 83
1581209354 56
1581209354 93
1581209354 26
1581209354 63
1581209354 60
1581209354 16
1581209354 77
1581209354 81
1581209354 81
1581209354 24
1581209354 73
1581209355 103
1581209355 43
1581209355 56
1581209355 91
1581209355 68
1581209355 93
1581209355 100
1581209355 83
1581209355 84
1581209355 57
1581209355 44
1581209355 92
1581209355 96
1581209356 100
1581209356 39
1581209356 30
1581209356 49
1581209356 94
1581209356 57
1581209356 69
1581209356 59
1581209356 17
1581209356 56
1581209356 29
1581209356 22
1581209356 54
1581209356 93
1581209356 82
1581209356 94
1581209356 33
1581209356 55
1581209357 63
1581209357 61
1581209357 57
1581209357 36
1581209358 101
1581209358 35
1581209359 47
1581209359 97
1581209360 55
