1581209265 14180
1581209265 77
1581209265 81
1581209265 100
1581209265 94
1581209265 93
1581209265 28
1581209266 83
1581209266 91
1581209266 83
1581209266 56
1581209266 92
1581209266 25
1581209266 63
1581209266 61
1581209266 16
1581209266 77
1581209266 82
1581209266 81
1581209266 24
1581209266 73
1581209266 103
1581209266 42
1581209267 56
1581209267 91
1581209267 67
1581209267 94
1581209267 99
1581209267 84
1581209267 83
1581209267 57
1581209267 44
1581209267 92
1581209267 96
1581209267 100
1581209267 39
1581209268 30
1581209268 49
1581209269 94
1581209269 57
1581209270 69
1581209270 60
1581209271 17
1581209271 57
1581209272 28
1581209272 22
1581209273 54
1581209273 94
1581209274 82
1581209274 95
1581209275 33
1581209275 55
1581209276 63
1581209276 62
1581209277 56
1581209277 37
1581209278 101
1581209278 34
1581209279 47
1581209279 96
1581209280 56
