1581211547 733
1581211547 79
1581211547 81
1581211547 100
1581211547 94
1581211548 93
1581211548 28
1581211549 83
1581211549 92
1581211550 84
1581211550 57
1581211551 93
1581211551 27
1581211552 63
1581211552 62
1581211552 17
1581211553 79
1581211554 82
1581211554 82
1581211554 25
1581211555 74
1581211556 104
1581211556 43
1581211557 56
1581211557 92
1581211558 67
1581211558 94
1581211559 99
1581211559 85
1581211560 84
1581211560 58
1581211561 45
1581211561 93
1581211562 97
1581211562 101
1581211563 40
1581211563 31
1581211564 50
1581211564 94
1581211565 58
1581211565 70
1581211566 59
1581211566 17
1581211567 56
1581211567 29
1581211567 22
1581211568 55
1581211569 94
1581211569 83
1581211570 95
1581211570 34
1581211571 55
1581211571 64
1581211572 61
1581211572 57
1581211573 36
1581211573 100
1581211574 35
1581211574 47
1581211575 97
1581211575 56
