1581211134 914
1581211134 79
1581211134 82
1581211134 101
1581211134 94
1581211135 93
1581211135 28
1581211136 84
1581211136 92
1581211137 84
1581211137 58
1581211138 93
1581211138 26
1581211138 63
1581211139 62
1581211139 17
1581211140 78
1581211141 82
1581211141 82
1581211141 26
1581211142 74
1581211143 104
1581211143 43
1581211143 57
1581211144 92
1581211144 68
1581211145 94
1581211146 100
1581211146 83
1581211147 84
1581211147 57
1581211147 45
1581211148 93
1581211149 97
1581211149 101
1581211149 39
1581211150 31
1581211150 50
1581211151 94
1581211151 58
1581211152 70
1581211152 60
1581211153 16
1581211153 57
1581211154 28
1581211154 23
1581211155 55
1581211156 94
1581211156 83
1581211157 95
1581211157 34
1581211158 56
1581211158 63
1581211159 62
1581211159 56
1581211159 37
1581211160 101
1581211160 34
1581211161 48
1581211162 96
1581211162 56
