1581210885 1015
1581210885 80
1581210885 82
1581210886 101
1581210886 94
1581210886 93
1581210886 29
1581210887 83
1581210887 92
1581210888 84
1581210888 57
1581210889 93
1581210889 26
1581210890 63
1581210890 61
1581210891 17
1581210891 78
1581210892 82
1581210892 82
1581210893 24
1581210893 74
1581210894 103
1581210894 43
1581210895 56
1581210895 92
1581210896 68
1581210896 94
1581210897 100
1581210897 84
1581210898 84
1581210898 58
1581210899 45
1581210899 93
1581210900 97
1581210900 101
1581210901 40
1581210901 31
1581210902 49
1581210902 94
1581210903 57
1581210903 70
1581210904 59
1581210904 17
1581210905 56
1581210905 29
1581210906 22
1581210906 55
1581210907 93
1581210907 83
1581210908 95
1581210908 33
1581210909 56
1581210909 63
1581210910 62
1581210910 57
1581210911 37
1581210911 101
1581210912 35
1581210912 48
1581210913 97
1581210913 56
