1581210396 709
1581210397 79
1581210397 81
1581210397 100
1581210397 94
1581210397 95
1581210398 28
1581210398 84
1581210399 93
1581210399 84
1581210400 58
1581210400 93
1581210401 27
1581210401 64
1581210402 61
1581210402 17
1581210403 78
1581210403 82
1581210404 82
1581210404 25
1581210405 74
1581210405 104
1581210406 43
1581210406 57
1581210407 91
1581210407 68
1581210408 93
1581210408 100
1581210409 84
1581210409 84
1581210410 58
1581210410 45
1581210411 92
1581210411 96
1581210412 100
1581210412 40
1581210413 31
1581210413 50
1581210414 94
1581210414 57
1581210415 70
1581210415 59
1581210416 17
1581210416 56
1581210417 29
1581210417 22
1581210418 55
1581210418 94
1581210419 83
1581210419 95
1581210420 257
1581210420 56
1581210421 63
1581210421 62
1581210422 56
1581210422 37
1581210423 100
1581210423 35
1581210424 47
1581210424 97
1581210425 56
