1581210568 1054
1581210568 80
1581210568 83
1581210568 101
1581210568 94
1581210568 93
1581210568 29
1581210569 83
1581210569 92
1581210570 84
1581210570 58
1581210571 93
1581210571 27
1581210572 63
1581210572 62
1581210573 17
1581210573 79
1581210574 82
1581210574 82
1581210575 26
1581210575 74
1581210576 105
1581210576 43
1581210577 57
1581210578 92
1581210578 68
1581210579 94
1581210579 100
1581210579 84
1581210580 84
1581210580 57
1581210581 45
1581210582 93
1581210582 97
1581210583 101
1581210583 40
1581210583 32
1581210584 50
1581210585 94
1581210585 59
1581210585 70
1581210586 60
1581210586 17
1581210587 57
1581210587 29
1581210588 23
1581210588 55
1581210589 94
1581210590 83
1581210590 95
1581210590 33
1581210591 56
1581210591 63
1581210592 62
1581210592 57
1581210593 37
1581210594 101
1581210594 34
1581210594 48
1581210595 97
1581210595 56
