1581210482 879
1581210482 80
1581210482 81
1581210482 100
1581210482 94
1581210482 93
1581210482 28
1581210483 83
1581210484 92
1581210484 84
1581210485 58
1581210485 94
1581210485 26
1581210486 64
1581210487 61
1581210487 18
1581210488 78
1581210488 82
1581210489 82
1581210489 25
1581210490 74
1581210490 104
1581210491 43
1581210491 57
1581210492 91
1581210492 68
1581210493 94
1581210493 100
1581210494 84
1581210494 84
1581210495 58
1581210495 44
1581210496 93
1581210496 96
1581210497 101
1581210497 39
1581210498 31
1581210498 50
1581210499 94
1581210499 57
1581210500 70
1581210500 60
1581210501 17
1581210501 57
1581210502 29
1581210502 23
1581210503 55
1581210503 94
1581210504 83
1581210504 95
1581210505 34
1581210505 56
1581210506 63
1581210506 62
1581210507 57
1581210507 37
1581210508 101
1581210508 34
1581210509 48
1581210509 96
1581210510 56
