1581210969 1033
1581210969 78
1581210969 81
1581210969 100
1581210969 94
1581210969 94
1581210970 28
1581210970 83
1581210971 93
1581210971 84
1581210972 57
1581210972 94
1581210973 26
1581210973 64
1581210974 61
1581210974 17
1581210975 79
1581210975 82
1581210976 83
1581210976 25
1581210977 74
1581210977 104
1581210978 43
1581210978 57
1581210979 92
1581210979 68
1581210980 94
1581210980 100
1581210981 84
1581210981 84
1581210982 58
1581210982 45
1581210983 93
1581210983 97
1581210984 101
1581210984 40
1581210985 32
1581210985 50
1581210986 94
1581210986 57
1581210987 70
1581210987 59
1581210988 18
1581210988 56
1581210989 29
1581210989 23
1581210990 54
1581210990 94
1581210991 83
1581210991 95
1581210992 33
1581210992 56
1581210993 63
1581210993 62
1581210994 56
1581210994 36
1581210995 101
1581210995 35
1581210996 48
1581210996 97
1581210997 56
