1581211364 464
1581211364 115
1581211365 118
1581211365 137
1581211365 131
1581211365 129
1581211366 65
1581211366 119
1581211367 128
1581211367 120
1581211368 94
1581211368 130
1581211369 62
1581211369 100
1581211370 97
1581211370 53
1581211371 115
1581211371 118
1581211372 118
1581211372 61
1581211373 110
1581211373 140
1581211374 79
1581211374 93
1581211375 129
1581211375 104
1581211376 130
1581211376 136
1581211377 121
1581211377 120
1581211378 94
1581211378 81
1581211379 129
1581211379 133
