1581210548 483
1581210548 116
1581210548 119
1581210548 136
1581210548 131
1581210549 129
1581210549 64
1581210550 119
1581210550 128
1581210551 121
1581210551 93
1581210552 130
1581210552 62
1581210553 99
1581210553 97
1581210554 54
1581210554 114
1581210555 118
1581210555 118
1581210556 61
1581210556 110
1581210557 140
1581210557 79
1581210558 93
1581210559 128
1581210559 104
1581210560 130
1581210560 136
1581210560 120
1581210561 120
1581210561 94
1581210562 81
1581210563 129
1581210563 132
1581210564 137
1581210564 76
1581210564 67
1581210565 86
