1581210462 445
1581210462 115
1581210462 117
1581210463 137
1581210463 130
1581210463 129
1581210464 64
1581210464 119
1581210465 129
1581210465 120
1581210466 93
1581210466 129
1581210467 63
1581210467 99
1581210468 98
1581210468 53
1581210469 115
1581210469 118
1581210470 119
1581210470 61
1581210471 110
1581210471 140
1581210472 78
1581210472 93
1581210473 128
1581210473 104
1581210474 130
1581210474 136
1581210475 120
1581210475 120
1581210476 94
1581210476 80
1581210477 129
1581210477 132
1581210478 137
1581210478 75
1581210479 67
1581210479 85
