1581211447 472
1581211448 116
1581211448 118
1581211448 136
1581211448 131
1581211449 129
1581211449 65
1581211450 119
1581211450 128
1581211451 121
1581211451 93
1581211452 130
1581211452 62
1581211452 100
1581211453 97
1581211453 53
1581211454 114
1581211455 118
1581211455 119
1581211455 61
1581211456 111
1581211457 140
1581211457 78
1581211457 93
1581211458 128
1581211459 104
1581211459 130
1581211460 136
1581211460 120
1581211461 120
1581211461 94
1581211461 82
1581211462 130
1581211463 133
