1582730207 753
1582730207 65
1582730207 103
1582730208 61
1582730208 33
1582730208 30
1582730209 39
1582730209 37
1582730210 52
1582730210 53
1582730211 17
1582730211 26
1582730212 76
1582730212 29
1582730213 34
1582730213 54
1582730214 32
1582730214 99
1582730215 51
1582730215 28
1582730216 102
1582730216 43
1582730217 35
1582730217 57
1582730218 101
1582730218 44
1582730219 98
1582730219 23
1582730220 98
1582730220 70
1582730221 23
1582730221 103
1582730222 54
1582730222 24
1582730223 33
1582730223 84
1582730224 60
1582730224 71
1582730225 51
1582730225 43
1582730226 94
1582730226 19
