1582729640 1058
1582729640 65
1582729640 102
1582729640 59
1582729640 34
1582729641 30
1582729641 39
1582729642 37
1582729642 52
1582729643 53
1582729643 17
1582729644 25
1582729644 76
1582729645 28
1582729645 34
1582729646 53
1582729646 33
1582729647 98
1582729647 52
1582729648 28
1582729648 103
1582729649 42
1582729649 35
1582729650 56
1582729650 102
1582729651 43
1582729651 99
1582729652 22
1582729652 98
1582729653 69
1582729653 23
1582729654 102
1582729654 54
1582729655 23
1582729655 32
1582729656 84
1582729656 59
1582729657 71
1582729657 51
1582729658 43
1582729658 94
1582729659 19
