1582732427 773
1582732427 69
1582732427 102
1582732427 59
1582732427 32
1582732427 30
1582732428 40
1582732428 36
1582732429 53
1582732429 53
1582732430 18
1582732430 26
1582732431 77
1582732431 28
1582732432 35
1582732432 53
1582732433 33
1582732433 98
1582732434 52
1582732434 28
1582732435 103
1582732435 42
1582732436 36
1582732436 56
1582732437 102
1582732437 44
1582732438 99
1582732438 23
1582732439 99
1582732439 69
1582732440 23
1582732441 103
1582732441 54
1582732441 23
1582732442 32
1582732443 84
1582732443 59
1582732443 71
1582732444 51
1582732444 43
1582732445 93
1582732445 19
