1582732565 941
1582732565 65
1582732565 104
1582732566 60
1582732566 33
1582732566 30
1582732566 38
1582732567 39
1582732567 52
1582732568 53
1582732568 18
1582732569 26
1582732569 77
1582732570 29
1582732570 35
1582732571 54
1582732571 33
1582732572 99
1582732572 51
1582732573 29
1582732573 103
1582732574 43
1582732574 35
1582732575 57
1582732575 101
1582732576 44
1582732576 98
1582732577 23
1582732577 99
1582732578 69
1582732578 23
1582732579 103
1582732579 55
1582732580 24
1582732580 32
1582732581 85
1582732581 59
1582732582 72
1582732582 51
1582732583 44
1582732583 94
1582732584 18
