1582731716 985
1582731716 65
1582731717 101
1582731717 60
1582731717 31
1582731717 31
1582731717 38
1582731718 37
1582731718 52
1582731719 53
1582731719 18
1582731720 26
1582731720 77
1582731721 29
1582731721 35
1582731722 54
1582731722 33
1582731723 99
1582731723 52
1582731724 29
1582731724 103
1582731725 43
1582731725 35
1582731726 57
1582731726 102
1582731727 44
1582731727 99
1582731728 23
1582731728 99
1582731729 70
1582731729 24
1582731730 103
1582731730 55
1582731731 24
1582731731 33
1582731732 85
1582731732 60
1582731733 72
1582731733 51
1582731734 44
1582731734 94
1582731735 19
