1582731835 978
1582731835 67
1582731835 105
1582731836 61
1582731836 33
1582731836 31
1582731836 38
1582731837 37
1582731837 52
1582731838 53
1582731838 19
1582731839 25
1582731839 77
1582731840 28
1582731840 34
1582731841 54
1582731841 32
1582731842 99
1582731842 52
1582731843 28
1582731843 103
1582731844 42
1582731844 35
1582731845 57
1582731845 102
1582731846 43
1582731846 99
1582731847 22
1582731847 99
1582731848 69
1582731848 24
1582731849 103
1582731849 54
1582731850 23
1582731850 32
1582731851 85
1582731851 60
1582731852 72
1582731852 52
1582731853 43
1582731853 94
1582731854 18
