1582734181 768
1582734181 63
1582734181 100
1582734181 59
1582734181 32
1582734182 30
1582734182 38
1582734183 37
1582734183 52
1582734184 53
1582734184 18
1582734185 25
1582734185 77
1582734186 29
1582734186 34
1582734187 54
1582734187 33
1582734188 99
1582734188 51
1582734189 29
1582734189 103
1582734190 42
1582734190 35
1582734191 57
1582734191 102
1582734192 44
1582734192 99
1582734193 22
1582734193 99
1582734194 69
1582734194 24
1582734195 103
1582734195 54
1582734196 23
1582734196 33
1582734197 85
1582734197 59
1582734198 71
1582734198 51
1582734199 44
1582734199 94
1582734200 18
