1582730339 1045
1582730339 68
1582730339 106
1582730339 60
1582730339 33
1582730340 31
1582730340 38
1582730341 38
1582730341 52
1582730342 53
1582730342 18
1582730343 25
1582730343 77
1582730344 29
1582730344 34
1582730345 53
1582730345 33
1582730346 99
1582730346 52
1582730347 28
1582730347 103
1582730348 42
1582730348 36
1582730349 56
1582730349 102
1582730350 43
1582730350 99
1582730351 22
1582730351 99
1582730352 69
1582730352 23
1582730353 103
1582730353 54
1582730354 23
1582730354 32
1582730355 84
1582730355 59
1582730356 71
1582730356 51
1582730357 43
1582730357 94
1582730358 19
