1582731102 840
1582731102 65
1582731102 101
1582731102 60
1582731102 31
1582731102 30
1582731103 39
1582731103 37
1582731104 53
1582731104 52
1582731105 18
1582731105 25
1582731106 77
1582731106 29
1582731107 34
1582731107 54
1582731108 33
1582731108 99
1582731109 52
1582731109 28
1582731110 103
1582731110 43
1582731111 382
1582731111 57
1582731112 101
1582731112 44
1582731113 98
1582731113 22
1582731114 98
1582731114 69
1582731115 24
1582731115 102
1582731116 54
1582731116 23
1582731117 32
1582731117 85
1582731118 59
1582731118 72
1582731119 51
1582731119 43
1582731120 94
1582731120 18
