1582732040 753
1582732040 66
1582732040 104
1582732040 60
1582732040 32
1582732041 30
1582732041 38
1582732042 37
1582732042 52
1582732043 53
1582732043 18
1582732044 26
1582732044 76
1582732045 28
1582732045 35
1582732046 54
1582732046 33
1582732047 99
1582732047 51
1582732048 29
1582732048 103
1582732049 43
1582732049 35
1582732050 56
1582732050 102
1582732051 43
1582732051 99
1582732052 22
1582732052 99
1582732053 70
1582732053 24
1582732054 103
1582732054 54
1582732055 24
1582732055 32
1582732056 85
1582732056 59
1582732057 72
1582732057 51
1582732058 44
1582732058 93
1582732059 19
