1582733332 977
1582733332 68
1582733332 103
1582733332 59
1582733332 31
1582733332 30
1582733333 38
1582733333 37
1582733334 51
1582733334 53
1582733335 18
1582733335 26
1582733336 77
1582733336 28
1582733337 34
1582733337 54
1582733338 33
1582733338 99
1582733339 52
1582733339 29
1582733340 103
1582733340 43
1582733341 35
1582733341 57
1582733342 102
1582733342 44
1582733343 99
1582733343 23
1582733344 99
1582733344 69
1582733345 24
1582733345 103
1582733346 54
1582733346 24
1582733347 33
1582733347 84
1582733348 59
1582733348 72
1582733349 52
1582733349 44
1582733350 95
1582733350 19
