1582734554 774
1582734554 65
1582734554 101
1582734554 59
1582734554 32
1582734554 30
1582734555 38
1582734555 37
1582734556 52
1582734556 53
1582734557 18
1582734557 25
1582734558 76
1582734558 29
1582734559 34
1582734559 53
1582734560 33
1582734560 98
1582734561 52
1582734561 28
1582734562 103
1582734562 42
1582734563 36
1582734563 57
1582734564 101
1582734564 44
1582734565 98
1582734565 22
1582734566 98
1582734566 69
1582734567 23
1582734567 102
1582734568 54
1582734568 23
1582734569 32
1582734569 84
1582734570 60
1582734570 71
1582734571 52
1582734571 43
1582734572 94
1582734572 19
