1582735218 770
1582735218 66
1582735218 101
1582735218 59
1582735218 33
1582735219 30
1582735219 38
1582735220 37
1582735220 52
1582735221 53
1582735221 18
1582735222 26
1582735222 77
1582735223 29
1582735223 35
1582735224 54
1582735224 33
1582735225 99
1582735225 52
1582735226 29
1582735226 103
1582735227 43
1582735227 35
1582735228 57
1582735228 101
1582735229 44
1582735229 98
1582735230 23
1582735230 99
1582735231 70
1582735231 24
1582735232 102
1582735232 55
1582735233 24
1582735233 33
1582735234 85
1582735234 60
1582735235 72
1582735235 51
1582735236 44
1582735236 94
1582735237 19
