1582989057 935
1582989057 112
1582989057 98
1582989057 82
1582989057 79
1582989058 47
1582989058 39
1582989059 83
1582989059 44
1582989060 62
1582989060 76
1582989061 92
1582989061 25
1582989062 66
1582989062 54
1582989063 44
1582989063 32
1582989064 57
1582989064 75
1582989065 32
1582989065 104
1582989066 94
1582989066 25
1582989067 92
1582989067 29
1582989068 78
1582989068 99
1582989069 60
1582989069 85
1582989070 55
1582989070 39
1582989071 66
1582989071 77
1582989072 33
1582989072 83
1582989073 71
1582989073 60
1582989074 97
1582989074 77
1582989075 39
1582989075 29
1582989076 87
