1582730723 657
1582730723 65
1582730723 101
1582730723 58
1582730723 32
1582730724 30
1582730724 39
1582730725 36
1582730725 52
1582730726 52
1582730726 18
1582730727 25
1582730727 76
1582730728 29
1582730728 34
1582730729 54
1582730729 32
1582730730 99
1582730730 52
1582730731 28
1582730731 103
1582730732 42
1582730732 36
1582730733 56
1582730733 102
1582730734 43
1582730734 98
1582730735 22
1582730735 98
1582730736 69
1582730736 23
1582730737 103
1582730737 54
1582730738 23
1582730738 32
1582730739 84
1582730739 60
1582730740 71
1582730740 51
1582730741 43
1582730741 93
