1582729749 759
1582729749 66
1582729749 102
1582729749 59
1582729749 32
1582729750 29
1582729750 38
1582729751 37
1582729751 52
1582729752 52
1582729752 18
1582729753 26
1582729753 77
1582729754 28
1582729754 34
1582729755 53
1582729755 32
1582729756 98
1582729756 52
1582729757 28
1582729757 102
1582729758 42
1582729758 35
1582729759 56
1582729759 101
1582729760 43
1582729760 98
1582729761 22
1582729761 98
1582729762 69
1582729762 24
1582729763 102
1582729763 53
1582729764 23
1582729764 32
1582729765 84
1582729765 59
1582729766 71
1582729766 51
1582729767 43
1582729767 94
1582729768 18
