1582734835 1078
1582734835 64
1582734836 106
1582734836 59
1582734836 32
1582734836 30
1582734836 38
1582734837 37
1582734837 52
1582734838 52
1582734838 18
1582734839 25
1582734839 77
1582734840 29
1582734840 35
1582734841 54
1582734841 33
1582734842 99
1582734842 52
1582734843 28
1582734843 103
1582734844 43
1582734844 36
1582734845 56
1582734845 102
1582734846 44
1582734846 98
1582734847 23
1582734847 99
1582734848 70
1582734848 24
1582734849 102
1582734849 55
1582734850 23
1582734850 33
1582734851 84
1582734851 60
1582734852 71
1582734852 52
1582734853 43
1582734853 94
1582734854 18
