1582734419 1110
1582734420 65
1582734420 105
1582734420 60
1582734420 32
1582734420 30
1582734420 38
1582734421 37
1582734421 52
1582734422 53
1582734422 18
1582734423 25
1582734423 77
1582734424 29
1582734424 35
1582734425 54
1582734425 33
1582734426 99
1582734426 52
1582734427 28
1582734427 103
1582734428 43
1582734428 35
1582734429 57
1582734429 102
1582734430 44
1582734430 99
1582734431 22
1582734431 99
1582734432 69
1582734432 24
1582734433 103
1582734433 54
1582734434 23
1582734434 32
1582734435 85
1582734435 59
1582734436 72
1582734436 51
1582734437 43
1582734437 94
1582734438 19
