1582735603 727
1582735603 65
1582735603 102
1582735603 59
1582735603 32
1582735604 33
1582735604 38
1582735605 37
1582735605 52
1582735606 52
1582735606 18
1582735607 25
1582735607 77
1582735608 28
1582735608 35
1582735609 53
1582735609 33
1582735610 98
1582735610 51
1582735611 29
1582735611 103
1582735612 43
1582735612 35
1582735613 57
1582735613 101
1582735614 44
1582735614 99
1582735615 23
1582735615 99
1582735616 70
1582735616 24
1582735617 102
1582735617 55
1582735618 23
1582735618 33
1582735619 84
1582735619 60
1582735620 71
1582735620 52
1582735621 43
1582735621 94
1582735622 18
