1582733724 1060
1582733725 64
1582733725 102
1582733725 61
1582733725 33
1582733725 30
1582733725 38
1582733726 37
1582733726 52
1582733727 52
1582733727 18
1582733728 25
1582733728 77
1582733729 29
1582733729 35
1582733730 54
1582733730 33
1582733731 99
1582733731 51
1582733732 29
1582733732 103
1582733733 43
1582733733 35
1582733734 57
1582733734 101
1582733735 44
1582733735 98
1582733736 23
1582733736 99
1582733737 69
1582733737 24
1582733738 103
1582733738 55
1582733739 23
1582733739 33
1582733740 85
1582733740 60
1582733741 71
1582733741 51
1582733742 43
1582733742 94
1582733743 19
