1582732160 1023
1582732160 64
1582732160 102
1582732160 60
1582732160 33
1582732160 30
1582732161 40
1582732161 37
1582732162 52
1582732162 53
1582732162 18
1582732163 26
1582732164 76
1582732164 29
1582732165 34
1582732165 54
1582732166 32
1582732166 99
1582732167 51
1582732167 29
1582732168 103
1582732168 43
1582732169 35
1582732169 57
1582732170 102
1582732170 44
1582732171 99
1582732171 23
1582732172 99
1582732172 70
1582732173 24
1582732173 103
1582732174 55
1582732174 23
1582732175 33
1582732175 84
1582732176 60
1582732176 72
1582732177 52
1582732177 43
1582732178 94
1582732178 18
