1582732949 733
1582732949 65
1582732949 102
1582732949 58
1582732949 32
1582732950 30
1582732950 38
1582732951 37
1582732951 52
1582732952 52
1582732952 19
1582732953 26
1582732953 77
1582732954 29
1582732954 34
1582732955 54
1582732955 32
1582732956 99
1582732956 52
1582732957 28
1582732957 103
1582732958 42
1582732958 36
1582732959 56
1582732959 101
1582732960 43
1582732960 98
1582732961 22
1582732961 98
1582732962 69
1582732962 24
1582732963 102
1582732963 55
1582732964 23
1582732964 33
1582732965 84
1582732965 60
1582732966 71
1582732966 51
1582732967 43
1582732967 95
1582732968 19
