1582734691 785
1582734691 65
1582734691 102
1582734691 60
1582734691 33
1582734692 30
1582734692 39
1582734693 37
1582734693 52
1582734694 53
1582734694 18
1582734695 26
1582734695 77
1582734696 29
1582734696 35
1582734697 53
1582734697 33
1582734698 98
1582734698 52
1582734699 28
1582734699 103
1582734700 42
1582734700 36
1582734701 56
1582734701 102
1582734702 43
1582734702 99
1582734703 22
1582734703 98
1582734704 69
1582734704 24
1582734705 103
1582734705 54
1582734706 24
1582734706 33
1582734707 84
1582734707 60
1582734708 71
1582734708 51
1582734709 43
1582734709 94
1582734710 19
