1582733844 667
1582733844 64
1582733844 100
1582733844 59
1582733844 32
1582733845 30
1582733845 39
1582733846 37
1582733846 52
1582733847 53
1582733847 18
1582733848 26
1582733848 76
1582733849 29
1582733849 34
1582733850 54
1582733850 32
1582733851 98
1582733851 52
1582733852 29
1582733852 103
1582733853 43
1582733853 35
1582733854 57
1582733854 102
1582733855 43
1582733855 99
1582733856 22
1582733856 99
1582733857 69
1582733857 23
1582733858 103
1582733858 54
1582733859 23
1582733859 33
1582733860 84
1582733860 60
1582733861 71
1582733861 51
1582733862 44
1582733862 93
1582733863 19
