1582988902 750
1582988902 86
1582988902 72
1582988902 73
1582988902 60
1582988903 88
1582988903 85
1582988904 17
1582988904 68
1582988905 17
1582988905 78
1582988906 57
1582988906 81
1582988907 93
1582988907 66
1582988908 62
1582988908 35
1582988909 30
1582988909 103
1582988910 18
1582988910 57
1582988911 83
1582988911 55
1582988912 57
1582988912 100
1582988913 26
1582988913 89
1582988914 38
1582988914 103
1582988915 69
1582988915 67
1582988916 65
1582988916 31
1582988917 61
1582988917 43
1582988918 20
1582988918 91
1582988919 89
1582988919 33
1582988920 21
1582988920 30
