1582731489 1038
1582731489 65
1582731489 103
1582731489 60
1582731489 32
1582731489 30
1582731490 39
1582731490 37
1582731491 51
1582731491 53
1582731492 18
1582731492 36
1582731493 77
1582731493 28
1582731494 35
1582731494 53
1582731495 33
1582731495 99
1582731496 51
1582731496 29
1582731497 103
1582731497 43
1582731498 36
1582731498 56
1582731499 101
1582731499 43
1582731500 99
1582731500 22
1582731501 99
1582731501 69
1582731502 24
1582731502 102
1582731503 54
1582731503 23
1582731504 32
1582731504 85
1582731505 59
1582731505 72
1582731506 51
1582731506 43
1582731507 95
1582731507 19
