1582729855 803
1582729855 66
1582729855 103
1582729855 59
1582729855 34
1582729855 30
1582729856 38
1582729856 37
1582729857 52
1582729857 53
1582729858 18
1582729858 25
1582729859 76
1582729859 28
1582729860 34
1582729860 53
1582729861 33
1582729861 98
1582729862 52
1582729862 28
1582729863 102
1582729863 43
1582729864 35
1582729864 56
1582729865 101
1582729865 44
1582729866 98
1582729866 22
1582729867 98
1582729867 69
1582729868 23
1582729868 102
1582729869 54
1582729869 23
1582729870 33
1582729870 84
1582729871 59
1582729871 71
1582729872 51
1582729872 43
1582729873 93
1582729873 19
