1582932407 793
1582932407 66
1582932407 73
1582932407 20
1582932407 25
1582932408 23
1582932408 43
1582932409 45
1582932409 69
1582932410 102
1582932410 101
1582932411 50
1582932411 83
1582932412 49
1582932412 81
1582932413 24
1582932413 74
1582932414 81
1582932414 36
1582932415 62
1582932415 75
1582932416 71
1582932416 46
1582932417 19
1582932417 100
1582932418 65
1582932418 75
1582932419 101
1582932419 107
1582932420 83
1582932420 64
1582932421 67
1582932421 101
1582932422 93
1582932422 91
1582932423 64
1582932423 107
1582932424 30
1582932424 48
1582932425 102
1582932425 72
