1582729968 964
1582729968 68
1582729968 103
1582729968 60
1582729968 32
1582729968 30
1582729969 38
1582729969 37
1582729970 52
1582729970 53
1582729971 17
1582729971 26
1582729972 76
1582729972 29
1582729973 34
1582729973 54
1582729974 32
1582729974 98
1582729975 51
1582729975 28
1582729976 103
1582729976 42
1582729977 35
1582729977 56
1582729978 101
1582729978 43
1582729979 98
1582729979 22
1582729980 98
1582729980 69
1582729981 23
1582729981 102
1582729982 54
1582729982 23
1582729983 32
1582729983 84
1582729984 60
1582729984 71
1582729985 52
1582729985 43
1582729986 93
1582729986 19
