1582734065 1107
1582734065 66
1582734065 104
1582734065 60
1582734065 32
1582734065 30
1582734066 38
1582734066 38
1582734067 52
1582734067 53
1582734068 18
1582734068 26
1582734069 77
1582734069 29
1582734070 35
1582734070 54
1582734071 33
1582734071 99
1582734072 52
1582734072 29
1582734073 103
1582734073 43
1582734074 36
1582734074 57
1582734075 102
1582734075 44
1582734076 99
1582734076 23
1582734077 99
1582734077 70
1582734078 23
1582734078 103
1582734079 54
1582734079 24
1582734080 32
1582734080 85
1582734081 59
1582734081 72
1582734082 51
1582734082 43
1582734083 94
1582734083 18
