1582732293 769
1582732293 63
1582732293 102
1582732293 59
1582732293 32
1582732294 31
1582732294 38
1582732295 37
1582732295 52
1582732296 53
1582732296 17
1582732297 26
1582732297 76
1582732298 28
1582732298 34
1582732299 54
1582732299 33
1582732300 98
1582732300 52
1582732301 29
1582732301 102
1582732302 43
1582732302 35
1582732303 57
1582732303 101
1582732304 44
1582732304 98
1582732305 23
1582732305 98
1582732306 70
1582732306 23
1582732307 103
1582732307 54
1582732308 24
1582732308 32
1582732309 84
1582732309 59
1582732310 71
1582732310 51
1582732311 43
1582732311 94
1582732312 18
