1582735996 1054
1582735996 64
1582735996 101
1582735996 59
1582735996 32
1582735996 30
1582735997 38
1582735997 38
1582735998 53
1582735998 52
1582735999 17
1582735999 26
1582736000 77
1582736000 28
1582736001 35
1582736001 53
1582736002 33
1582736002 99
1582736003 52
1582736003 28
1582736004 103
1582736004 43
1582736005 35
1582736005 57
1582736006 101
1582736006 44
1582736007 98
1582736007 22
1582736008 99
1582736008 70
1582736009 24
1582736009 102
1582736010 55
1582736010 23
1582736011 32
1582736011 84
1582736012 60
1582736012 71
1582736013 52
1582736013 43
1582736014 95
1582736014 18
