1582731605 678
1582731605 65
1582731605 100
1582731605 60
1582731605 32
1582731606 30
1582731606 38
1582731607 36
1582731607 52
1582731608 52
1582731608 18
1582731609 25
1582731609 77
1582731610 29
1582731610 35
1582731611 54
1582731611 33
1582731612 98
1582731612 52
1582731613 28
1582731613 103
1582731614 42
1582731614 36
1582731615 56
1582731615 102
1582731616 43
1582731616 99
1582731617 22
1582731617 99
1582731618 69
1582731618 23
1582731619 103
1582731619 54
1582731620 24
1582731620 32
1582731621 84
1582731621 60
1582731622 71
1582731622 52
1582731623 43
1582731623 93
1582731624 19
