1582734298 703
1582734298 68
1582734298 102
1582734298 59
1582734298 32
1582734299 31
1582734299 38
1582734300 38
1582734300 52
1582734301 53
1582734301 18
1582734302 25
1582734302 77
1582734303 29
1582734303 35
1582734304 54
1582734304 33
1582734305 99
1582734305 51
1582734306 29
1582734306 103
1582734307 43
1582734307 35
1582734308 57
1582734308 101
1582734309 44
1582734309 98
1582734310 22
1582734310 99
1582734311 69
1582734311 24
1582734312 103
1582734312 55
1582734313 23
1582734313 32
1582734314 85
1582734314 59
1582734315 72
1582734315 51
1582734316 44
1582734317 94
1582734317 18
