1582729530 960
1582729530 67
1582729530 103
1582729530 59
1582729530 32
1582729530 30
1582729531 38
1582729531 37
1582729532 52
1582729532 52
1582729533 18
1582729533 26
1582729534 76
1582729534 29
1582729535 34
1582729535 54
1582729536 32
1582729537 98
1582729537 51
1582729537 29
1582729538 103
1582729538 42
1582729539 36
1582729539 56
1582729540 102
1582729540 43
1582729541 99
1582729541 22
1582729542 98
1582729543 69
1582729543 23
1582729544 103
1582729544 54
1582729544 23
1582729545 32
1582729546 83
1582729546 59
1582729547 71
1582729547 51
1582729547 43
1582729548 94
1582729548 19
