1582931779 965
1582931779 65
1582931779 73
1582931779 19
1582931779 24
1582931779 23
1582931780 43
1582931780 45
1582931781 69
1582931781 102
1582931782 100
1582931782 50
1582931783 82
1582931783 49
1582931784 80
1582931784 24
1582931785 73
1582931785 81
1582931786 36
1582931786 61
1582931787 76
1582931787 70
1582931788 46
1582931788 18
1582931789 100
1582931789 65
1582931790 75
1582931790 101
1582931791 108
1582931791 83
1582931792 63
1582931792 67
1582931793 101
1582931793 93
1582931794 91
1582931794 64
1582931795 106
1582931795 30
1582931796 48
1582931796 102
1582931797 72
