1582734520 448
1582734520 102
1582734520 139
1582734520 96
1582734520 68
1582734521 66
1582734521 74
1582734522 74
1582734522 88
1582734523 88
1582734523 54
1582734524 61
1582734524 113
1582734525 64
1582734525 71
1582734526 89
1582734526 68
1582734527 135
1582734527 87
1582734528 65
1582734529 140
1582734529 80
1582734529 72
1582734530 93
1582734531 138
1582734531 80
1582734532 135
1582734532 58
1582734533 135
1582734533 106
1582734536 2408
1582734536 139
1582734536 91
1582734536 60
1582734536 69
1582734536 121
1582734536 96
1582734537 108
1582734537 88
1582734538 80
1582734539 130
1582734539 55
1582734539 105
1582734540 78
1582734540 72
1582734541 123
1582734541 69
1582734542 80
1582734543 112
1582734543 122
1582734543 92
1582734544 125
1582734545 139
