1582731684 432
1582731684 100
1582731684 137
1582731685 95
1582731685 67
1582731685 66
1582731686 74
1582731686 74
1582731687 88
1582731687 88
1582731688 54
1582731688 62
1582731689 113
1582731689 65
1582731690 70
1582731690 90
1582731691 68
1582731691 134
1582731692 87
1582731692 64
1582731693 139
1582731693 78
1582731694 72
1582731694 92
1582731695 138
1582731695 80
1582731696 134
1582731696 58
1582731697 134
1582731697 106
1582731700 2111
1582731700 138
1582731700 90
1582731700 60
1582731700 69
1582731700 120
1582731701 96
1582731701 108
1582731702 87
1582731702 79
1582731703 129
1582731703 55
1582731704 104
1582731704 78
1582731705 72
1582731705 123
1582731706 68
1582731706 80
1582731707 112
1582731707 122
1582731708 92
1582731708 125
