1582729718 459
1582729718 100
1582729719 138
1582729719 94
1582729719 68
1582729719 66
1582729720 74
1582729720 73
1582729721 88
1582729721 88
1582729722 54
1582729722 61
1582729723 113
1582729723 65
1582729724 70
1582729724 89
1582729725 68
1582729726 134
1582729726 88
1582729726 66
1582729727 139
1582729727 79
1582729728 72
1582729728 92
1582729729 138
1582729729 79
1582729730 135
1582729730 58
1582729732 1594
1582729733 105
1582729733 59
1582729733 138
1582729733 90
1582729733 60
1582729734 68
1582729735 121
1582729735 96
1582729736 107
1582729736 88
1582729736 79
1582729737 129
1582729737 55
1582729738 105
1582729738 78
1582729739 72
1582729740 124
1582729740 68
1582729740 80
1582729741 112
1582729742 122
