1582989025 437
1582989026 147
1582989026 132
1582989026 116
1582989026 112
1582989027 84
1582989027 74
1582989028 119
1582989028 79
1582989029 98
1582989029 112
1582989030 128
1582989030 61
1582989031 102
1582989031 90
1582989032 80
1582989032 67
1582989033 94
1582989033 110
1582989034 69
1582989034 140
1582989035 131
1582989035 61
1582989036 128
1582989036 65
1582989037 114
1582989037 136
1582989038 96
1582989038 122
1582989039 91
1582989040 1473
1582989041 102
1582989041 113
1582989041 69
1582989041 119
1582989042 108
1582989042 97
1582989043 133
1582989043 113
1582989044 75
1582989044 65
1582989045 122
1582989045 117
1582989046 141
1582989046 98
1582989047 107
1582989047 142
1582989048 133
1582989048 87
1582989049 120
1582989049 141
