1582732529 448
1582732529 101
1582732529 139
1582732530 95
1582732530 68
1582732530 66
1582732531 75
1582732531 74
1582732532 89
1582732532 89
1582732533 53
1582732533 62
1582732534 113
1582732534 65
1582732535 70
1582732535 90
1582732536 69
1582732536 135
1582732537 88
1582732537 64
1582732538 139
1582732538 79
1582732539 72
1582732539 93
1582732540 138
1582732540 80
1582732541 134
1582732541 59
1582732542 134
1582732542 106
1582732543 59
1582732543 138
1582732546 2099
1582732546 60
1582732546 69
1582732546 120
1582732546 95
1582732546 107
1582732547 88
1582732547 80
1582732548 129
1582732548 55
1582732549 105
1582732549 78
1582732550 72
1582732550 124
1582732551 68
1582732551 81
1582732552 112
1582732552 123
1582732553 93
1582732553 124
1582732554 139
1582732554 63
1582732555 62
1582732555 100
1582732556 138
1582732556 116
