1582733292 426
1582733292 102
1582733292 138
1582733293 95
1582733293 68
1582733293 66
1582733294 74
1582733294 73
1582733295 88
1582733295 89
1582733296 54
1582733296 62
1582733297 112
1582733297 65
1582733298 71
1582733298 90
1582733299 69
1582733299 134
1582733300 88
1582733300 65
1582733301 139
1582733301 79
1582733302 72
1582733302 93
1582733303 137
1582733303 80
1582733304 134
1582733304 59
1582733305 135
1582733305 106
1582733306 59
1582733306 138
1582733307 90
1582733307 59
1582733308 69
1582733308 120
1582733309 96
1582733309 107
1582733311 1303
1582733311 80
1582733311 130
1582733311 55
1582733312 104
1582733312 78
1582733313 72
1582733313 124
1582733314 68
1582733314 81
1582733315 111
1582733315 123
1582733316 93
1582733316 124
1582733317 140
1582733317 63
1582733318 61
1582733318 100
1582733319 137
1582733319 115
1582733320 121
