1582732009 414
1582732009 102
1582732009 136
1582732010 95
1582732010 68
1582732010 66
1582732011 74
1582732011 73
1582732012 88
1582732012 89
1582732013 54
1582732013 61
1582732014 113
1582732014 65
1582732015 71
1582732015 90
1582732016 68
1582732016 134
1582732017 88
1582732017 64
1582732018 139
1582732018 79
1582732019 71
1582732019 93
1582732020 137
1582732020 80
1582732021 134
1582732021 59
1582732022 135
1582732022 106
1582732024 1164
1582732024 138
1582732024 90
1582732024 59
1582732025 69
1582732025 120
1582732026 96
1582732026 107
1582732027 88
1582732027 79
1582732028 130
1582732028 54
1582732029 105
1582732029 77
1582732030 72
1582732030 123
1582732031 68
1582732031 80
1582732032 112
1582732032 123
