1582730685 438
1582730685 104
1582730685 137
1582730685 95
1582730686 68
1582730686 66
1582730687 74
1582730687 74
1582730688 88
1582730688 89
1582730689 54
1582730689 62
1582730690 112
1582730690 65
1582730691 71
1582730691 90
1582730692 68
1582730692 135
1582730693 87
1582730693 64
1582730694 139
1582730694 78
1582730695 72
1582730695 92
1582730696 138
1582730696 79
1582730697 135
1582730697 58
1582730698 135
1582730698 105
1582730699 60
1582730699 139
1582730700 90
1582730700 59
1582730701 69
1582730701 120
1582730704 1887
1582730704 108
1582730704 88
1582730704 80
1582730704 129
1582730704 55
1582730705 105
1582730705 78
1582730706 73
1582730706 123
1582730707 69
1582730707 80
1582730708 112
1582730708 123
1582730709 93
1582730709 125
1582730710 140
1582730710 63
1582730711 61
1582730711 100
1582730712 137
1582730712 116
