1582731063 424
1582731063 100
1582731063 137
1582731063 96
1582731064 68
1582731064 66
1582731065 74
1582731065 73
1582731066 88
1582731066 89
1582731067 53
1582731067 62
1582731068 113
1582731068 65
1582731069 71
1582731069 89
1582731070 68
1582731070 134
1582731071 87
1582731071 64
1582731072 139
1582731072 79
1582731073 71
1582731073 93
1582731074 137
1582731074 79
1582731075 135
1582731075 58
1582731076 135
1582731076 105
1582731077 60
1582731077 139
1582731078 90
1582731078 59
1582731079 68
1582731079 121
1582731080 95
1582731082 1571
1582731082 87
1582731082 79
1582731082 129
1582731082 55
1582731083 106
1582731083 77
1582731084 73
1582731084 124
1582731085 68
1582731085 81
1582731086 111
1582731086 123
1582731087 93
1582731087 124
1582731088 139
1582731088 63
1582731089 61
1582731089 100
1582731090 138
1582731090 115
