1582729934 441
1582729934 103
1582729934 138
1582729934 95
1582729934 68
1582729935 66
1582729935 74
1582729936 73
1582729936 88
1582729937 88
1582729937 54
1582729938 61
1582729938 113
1582729939 64
1582729939 71
1582729940 89
1582729940 69
1582729941 134
1582729941 88
1582729942 64
1582729942 139
1582729943 79
1582729943 72
1582729944 93
1582729944 138
1582729945 79
1582729945 134
1582729946 58
1582729946 134
1582729947 105
1582729949 1998
1582729949 139
1582729949 91
1582729949 60
1582729950 69
1582729950 121
1582729950 96
1582729951 107
1582729951 88
1582729952 79
1582729952 130
1582729953 54
1582729953 105
1582729954 78
1582729954 72
1582729955 123
1582729955 69
1582729956 80
1582729956 112
1582729957 122
1582729957 93
1582729958 124
1582729958 139
1582729959 63
