1582931748 553
1582931748 104
1582931748 108
1582931748 56
1582931749 64
1582931749 59
1582931750 79
1582931750 81
1582931751 105
1582931751 139
1582931752 136
1582931752 86
1582931753 119
1582931753 85
1582931754 116
1582931754 61
1582931755 109
1582931755 117
1582931756 73
1582931756 97
1582931757 112
1582931757 106
1582931758 83
1582931758 54
1582931759 137
1582931759 101
1582931760 111
1582931760 137
1582931763 2113
1582931763 120
1582931763 100
1582931763 104
1582931763 138
1582931763 130
1582931764 128
1582931764 101
1582931765 144
1582931765 66
1582931766 85
1582931766 138
1582931767 108
1582931767 137
1582931768 59
1582931768 117
1582931769 58
1582931769 54
1582931770 55
1582931770 102
1582931771 104
1582931771 141
