1582733810 439
1582733810 104
1582733811 138
1582733811 96
1582733811 69
1582733811 67
1582733812 74
1582733812 73
1582733813 88
1582733813 89
1582733814 54
1582733814 61
1582733815 113
1582733815 64
1582733816 71
1582733816 90
1582733817 71
1582733817 135
1582733818 87
1582733818 65
1582733819 139
1582733819 79
1582733820 72
1582733820 93
1582733821 138
1582733821 79
1582733822 135
1582733822 59
1582733823 135
1582733823 105
1582733826 2498
1582733826 139
1582733827 91
1582733827 60
1582733827 69
1582733827 121
1582733827 96
1582733827 108
1582733828 88
1582733828 80
1582733829 131
1582733829 54
1582733830 105
1582733830 78
1582733831 73
1582733831 129
1582733832 69
1582733832 81
1582733833 111
1582733833 123
1582733834 92
1582733834 125
1582733835 139
1582733835 64
