1582734657 422
1582734657 98
1582734657 136
1582734657 95
1582734657 67
1582734658 66
1582734658 74
1582734659 73
1582734659 88
1582734660 89
1582734660 54
1582734661 61
1582734661 113
1582734662 64
1582734662 70
1582734663 90
1582734663 68
1582734664 135
1582734664 87
1582734665 64
1582734665 139
1582734666 79
1582734666 72
1582734667 93
1582734667 138
1582734668 79
1582734668 135
1582734669 58
1582734669 134
1582734670 106
1582734670 59
1582734671 139
1582734673 2147
1582734674 60
1582734674 69
1582734674 121
1582734674 95
1582734674 107
1582734674 88
1582734675 80
1582734675 129
1582734676 55
1582734676 106
1582734677 77
1582734677 72
1582734678 124
1582734678 68
1582734679 80
1582734679 112
1582734680 122
1582734680 93
1582734681 124
1582734681 139
1582734682 63
