1582729606 447
1582729606 102
1582729607 138
1582729607 94
1582729607 68
1582729607 66
1582729608 74
1582729608 73
1582729609 88
1582729609 89
1582729610 54
1582729610 61
1582729611 112
1582729611 64
1582729612 70
1582729612 89
1582729613 68
1582729613 134
1582729614 87
1582729614 65
1582729615 138
1582729615 79
1582729616 71
1582729616 93
1582729617 137
1582729617 79
1582729618 135
1582729618 58
1582729619 134
1582729619 105
1582729622 1793
1582729622 138
1582729622 90
1582729622 59
1582729622 69
1582729622 121
1582729623 95
1582729623 107
1582729624 88
1582729624 80
1582729625 130
1582729625 54
1582729626 105
1582729626 77
1582729627 72
1582729627 123
1582729628 68
1582729628 80
1582729629 111
1582729629 122
1582729630 92
1582729630 124
1582729631 139
1582729631 63
