1582732259 526
1582732259 102
1582732259 138
1582732260 95
1582732260 68
1582732260 66
1582732261 75
1582732261 73
1582732262 89
1582732262 89
1582732263 54
1582732263 61
1582732264 113
1582732264 64
1582732265 71
1582732265 89
1582732266 69
1582732266 135
1582732267 87
1582732267 64
1582732268 139
1582732268 79
1582732269 72
1582732269 93
1582732270 137
1582732270 80
1582732271 135
1582732271 59
1582732272 135
1582732272 106
1582732275 2708
1582732275 139
1582732276 90
1582732276 59
1582732276 68
1582732276 121
1582732276 96
1582732276 108
1582732277 88
1582732277 80
1582732278 130
1582732278 55
1582732279 105
1582732279 77
1582732280 73
1582732280 123
1582732281 69
1582732281 80
1582732282 112
1582732282 122
1582732283 93
1582732283 124
1582732284 139
1582732284 63
