1582730305 463
1582730305 101
1582730305 138
1582730305 95
1582730306 68
1582730306 66
1582730307 74
1582730307 73
1582730308 88
1582730308 89
1582730308 54
1582730309 62
1582730310 113
1582730310 65
1582730311 71
1582730311 89
1582730312 69
1582730312 134
1582730313 88
1582730313 64
1582730314 139
1582730314 79
1582730315 72
1582730315 93
1582730316 138
1582730316 80
1582730317 134
1582730317 59
1582730318 134
1582730318 105
1582730319 59
1582730321 1820
1582730321 90
1582730321 59
1582730321 68
1582730321 120
1582730322 96
1582730322 108
1582730323 87
1582730323 80
1582730324 129
1582730324 55
1582730325 105
1582730325 78
1582730326 72
1582730326 124
1582730327 69
1582730327 80
1582730328 111
1582730328 122
1582730329 92
1582730329 124
1582730330 140
1582730330 63
