1582734265 428
1582734265 104
1582734265 138
1582734265 95
1582734266 67
1582734266 66
1582734267 74
1582734267 72
1582734268 89
1582734268 88
1582734269 54
1582734269 62
1582734270 113
1582734270 65
1582734271 70
1582734271 89
1582734272 69
1582734272 134
1582734273 88
1582734273 64
1582734274 139
1582734274 79
1582734275 72
1582734275 92
1582734276 138
1582734276 79
1582734277 135
1582734277 58
1582734278 134
1582734278 105
1582734279 59
1582734279 139
1582734280 90
1582734281 1201
1582734281 68
1582734281 120
1582734282 96
1582734282 108
1582734283 88
1582734283 80
1582734284 130
1582734284 55
1582734285 105
1582734285 77
1582734286 73
1582734286 124
1582734287 69
1582734287 80
1582734288 111
1582734288 122
1582734289 92
1582734289 124
1582734290 139
1582734290 63
