1582729824 424
1582729824 102
1582729824 137
1582729824 95
1582729824 68
1582729825 66
1582729825 74
1582729826 73
1582729826 87
1582729827 88
1582729827 54
1582729828 61
1582729828 113
1582729829 64
1582729829 70
1582729830 89
1582729830 69
1582729831 134
1582729831 87
1582729832 64
1582729832 139
1582729833 79
1582729833 71
1582729834 92
1582729834 137
1582729835 79
1582729835 135
1582729836 58
1582729836 134
1582729837 105
1582729839 1434
1582729839 139
1582729839 91
1582729839 59
1582729839 68
1582729840 121
1582729840 95
1582729841 107
1582729841 87
1582729842 79
1582729842 129
1582729843 54
1582729843 105
1582729844 77
1582729844 72
1582729845 123
1582729845 68
1582729846 80
1582729846 111
1582729847 122
