1582988871 447
1582988872 123
1582988872 109
1582988872 109
1582988872 94
1582988873 125
1582988873 120
1582988873 54
1582988874 104
1582988874 54
1582988875 114
1582988875 94
1582988876 117
1582988877 129
1582988877 102
1582988877 98
1582988878 72
1582988878 66
1582988879 139
1582988879 54
1582988880 93
1582988881 120
1582988881 91
1582988881 94
1582988882 136
1582988882 63
1582988883 125
1582988883 74
1582988886 2014
1582988886 106
1582988886 103
1582988886 101
1582988886 67
1582988887 97
1582988887 79
1582988887 57
1582988888 128
1582988889 126
1582988889 69
1582988889 58
1582988890 66
1582988891 86
1582988891 103
1582988892 96
1582988892 126
1582988893 126
1582988893 67
1582988894 81
1582988894 107
1582988895 73
