1582732124 443
1582732124 103
1582732124 138
1582732124 95
1582732125 68
1582732125 66
1582732126 74
1582732126 74
1582732127 88
1582732127 89
1582732128 53
1582732128 61
1582732129 113
1582732129 65
1582732130 71
1582732130 90
1582732131 68
1582732131 135
1582732132 87
1582732132 65
1582732133 139
1582732133 79
1582732134 72
1582732134 93
1582732135 138
1582732135 80
1582732136 135
1582732136 59
1582732137 134
1582732137 106
1582732138 59
1582732140 1964
1582732140 91
1582732140 60
1582732140 68
1582732140 120
1582732141 96
1582732141 108
1582732142 88
1582732142 80
1582732143 130
1582732143 55
1582732144 107
1582732144 78
1582732145 73
1582732145 124
1582732146 69
1582732146 80
1582732147 112
1582732147 122
1582732148 93
1582732148 125
1582732149 139
1582732149 64
1582732150 61
1582732150 101
