1582735178 514
1582735178 103
1582735178 137
1582735178 95
1582735178 69
1582735178 67
1582735179 74
1582735180 74
1582735180 88
1582735181 89
1582735181 54
1582735181 61
1582735182 113
1582735183 65
1582735183 71
1582735184 90
1582735184 69
1582735185 135
1582735185 87
1582735186 65
1582735186 139
1582735187 79
1582735187 72
1582735188 93
1582735188 138
1582735189 81
1582735189 135
1582735190 59
1582735190 135
1582735191 106
1582735191 60
1582735192 139
1582735192 91
1582735193 60
1582735193 68
1582735194 121
1582735194 96
1582735195 108
1582735197 2037
1582735197 80
1582735197 130
1582735197 55
1582735197 105
1582735198 78
1582735198 73
1582735199 124
1582735199 69
1582735200 81
1582735200 111
1582735201 123
1582735201 93
1582735202 125
1582735202 139
1582735203 64
1582735203 62
1582735204 101
1582735204 137
1582735205 116
1582735205 122
1582735206 97
1582735206 119
