1582735950 450
1582735950 101
1582735950 143
1582735950 95
1582735950 69
1582735951 66
1582735951 74
1582735952 73
1582735952 88
1582735953 89
1582735953 53
1582735954 62
1582735954 113
1582735955 65
1582735955 71
1582735956 90
1582735956 69
1582735957 134
1582735957 88
1582735958 64
1582735958 139
1582735959 78
1582735959 72
1582735960 92
1582735960 138
1582735961 80
1582735961 135
1582735962 59
1582735962 135
1582735963 105
1582735963 60
1582735964 139
1582735964 91
1582735965 59
1582735965 69
1582735966 120
1582735966 96
1582735967 107
1582735967 88
1582735968 79
1582735968 130
1582735971 2469
1582735971 105
1582735971 78
1582735971 73
1582735971 124
1582735971 69
1582735972 81
1582735972 112
1582735973 123
1582735973 93
1582735974 125
1582735974 139
1582735975 63
1582735975 61
1582735976 101
1582735976 137
1582735977 116
1582735977 121
1582735978 96
1582735978 120
1582735979 91
1582735979 127
1582735980 131
1582735980 93
1582735981 70
1582735981 144
