1582734383 531
1582734383 100
1582734384 140
1582734384 95
1582734384 68
1582734384 66
1582734385 75
1582734385 73
1582734386 88
1582734386 88
1582734387 55
1582734387 62
1582734388 113
1582734388 65
1582734389 70
1582734389 90
1582734390 69
1582734390 135
1582734391 88
1582734391 65
1582734392 139
1582734392 81
1582734393 72
1582734393 94
1582734394 138
1582734394 80
1582734395 135
1582734395 58
1582734396 135
1582734396 105
1582734397 59
1582734397 139
1582734399 1687
1582734399 60
1582734400 68
1582734400 121
1582734400 96
1582734400 108
1582734401 88
1582734401 80
1582734402 130
1582734402 55
1582734403 105
1582734403 77
1582734404 73
1582734404 123
1582734405 69
1582734405 81
1582734406 112
1582734406 122
1582734407 95
1582734407 125
1582734408 140
1582734408 64
1582734409 61
1582734409 101
1582734410 138
