1582729499 431
1582729500 101
1582729500 137
1582729500 95
1582729500 68
1582729501 65
1582729501 74
1582729502 72
1582729502 87
1582729503 88
1582729503 53
1582729504 61
1582729504 112
1582729505 65
1582729505 70
1582729506 89
1582729506 68
1582729507 134
1582729507 87
1582729508 64
1582729508 139
1582729509 78
1582729509 72
1582729510 92
1582729510 137
1582729511 79
1582729511 134
1582729512 58
1582729512 135
1582729513 105
1582729514 1213
1582729514 138
1582729514 90
1582729515 60
1582729515 68
1582729516 121
1582729516 95
1582729517 107
1582729517 88
1582729518 79
1582729518 130
1582729519 54
1582729519 105
1582729520 77
1582729520 72
1582729521 123
1582729521 68
1582729522 80
1582729522 111
