1582734147 448
1582734147 101
1582734148 138
1582734148 95
1582734148 67
1582734148 67
1582734149 74
1582734149 73
1582734150 88
1582734150 89
1582734151 54
1582734151 62
1582734152 113
1582734152 65
1582734153 70
1582734153 90
1582734154 69
1582734154 135
1582734155 87
1582734155 65
1582734156 139
1582734156 78
1582734157 72
1582734157 93
1582734158 137
1582734158 80
1582734159 135
1582734159 58
1582734160 135
1582734160 105
1582734163 2528
1582734163 139
1582734164 90
1582734164 59
1582734164 68
1582734164 120
1582734164 95
1582734164 108
1582734165 88
1582734165 80
1582734166 130
1582734166 54
1582734167 108
1582734167 78
1582734168 73
1582734168 123
1582734169 69
1582734169 80
1582734170 112
1582734170 122
1582734171 93
1582734171 124
1582734172 140
1582734172 63
