1582730177 415
1582730177 99
1582730177 137
1582730177 94
1582730177 68
1582730178 66
1582730178 74
1582730179 73
1582730179 88
1582730180 88
1582730180 54
1582730181 61
1582730181 113
1582730182 64
1582730182 71
1582730183 90
1582730183 69
1582730184 135
1582730184 87
1582730185 65
1582730185 138
1582730186 79
1582730186 71
1582730187 93
1582730187 137
1582730188 80
1582730188 134
1582730189 58
1582730189 134
1582730190 105
1582730191 1358
1582730192 138
1582730192 91
1582730192 60
1582730192 69
1582730193 121
1582730193 95
1582730194 108
1582730194 87
1582730195 80
1582730195 129
1582730196 54
1582730196 104
1582730197 78
1582730197 72
1582730198 123
1582730198 68
1582730199 80
1582730199 111
1582730200 122
