1582734796 432
1582734797 104
1582734797 138
1582734797 95
1582734797 68
1582734798 67
1582734798 74
1582734799 74
1582734799 88
1582734800 89
1582734800 54
1582734801 62
1582734801 113
1582734802 65
1582734802 71
1582734803 90
1582734803 69
1582734804 135
1582734804 88
1582734805 65
1582734805 138
1582734806 79
1582734806 72
1582734807 93
1582734807 138
1582734808 80
1582734808 134
1582734809 59
1582734809 135
1582734810 106
1582734810 59
1582734811 139
1582734811 91
1582734814 2316
1582734814 69
1582734814 121
1582734814 96
1582734814 108
1582734814 88
1582734815 80
1582734815 130
1582734816 55
1582734816 105
1582734817 78
1582734817 73
1582734818 124
1582734818 68
1582734819 81
1582734819 111
1582734820 123
1582734820 92
1582734821 125
1582734821 139
1582734822 63
1582734822 62
1582734823 100
1582734823 138
1582734824 115
