1582734027 447
1582734028 103
1582734028 140
1582734028 96
1582734028 69
1582734029 66
1582734029 75
1582734030 73
1582734030 88
1582734031 89
1582734031 54
1582734032 62
1582734032 113
1582734033 64
1582734033 71
1582734034 89
1582734034 69
1582734035 135
1582734035 88
1582734036 65
1582734036 139
1582734037 79
1582734037 71
1582734038 93
1582734038 137
1582734039 81
1582734039 135
1582734040 59
1582734040 135
1582734041 105
1582734041 60
1582734042 138
1582734045 2879
1582734045 60
1582734045 69
1582734045 121
1582734045 96
1582734045 107
1582734045 87
1582734046 80
1582734046 130
1582734047 55
1582734047 105
1582734048 78
1582734048 72
1582734049 123
1582734049 69
1582734050 80
1582734050 114
1582734051 122
1582734051 93
1582734052 125
1582734052 140
1582734053 63
1582734053 61
1582734054 100
1582734054 137
1582734055 115
1582734055 124
