1582732909 437
1582732909 101
1582732909 138
1582732910 96
1582732910 73
1582732910 67
1582732911 75
1582732911 73
1582732912 89
1582732912 88
1582732913 54
1582732913 62
1582732914 114
1582732914 65
1582732915 70
1582732915 90
1582732916 69
1582732916 135
1582732917 88
1582732917 65
1582732918 139
1582732918 80
1582732919 72
1582732919 92
1582732920 138
1582732920 79
1582732921 135
1582732921 59
1582732922 135
1582732922 105
1582732923 60
1582732923 139
1582732924 91
1582732924 59
1582732925 69
1582732925 120
1582732926 96
1582732928 2038
1582732928 87
1582732928 80
1582732929 130
1582732929 55
1582732929 105
1582732929 78
1582732930 73
1582732930 123
1582732931 69
1582732931 80
1582732932 112
1582732932 123
1582732933 92
1582732933 125
1582732934 140
1582732934 63
1582732935 62
1582732935 100
1582732936 137
1582732936 115
1582732937 122
1582732937 96
