1582732394 418
1582732394 101
1582732394 137
1582732394 95
1582732394 68
1582732395 65
1582732395 75
1582732396 73
1582732396 88
1582732397 89
1582732397 54
1582732398 61
1582732398 112
1582732399 65
1582732399 71
1582732400 90
1582732400 69
1582732401 135
1582732401 87
1582732402 65
1582732403 138
1582732403 80
1582732403 72
1582732404 93
1582732405 138
1582732405 80
1582732406 135
1582732406 59
1582732407 135
1582732407 105
1582732407 60
1582732410 2164
1582732410 90
1582732410 59
1582732410 69
1582732410 120
1582732410 96
1582732411 108
1582732411 88
1582732412 80
1582732413 129
1582732413 54
1582732414 105
1582732414 77
1582732414 72
1582732415 124
1582732415 68
1582732416 81
1582732417 111
1582732417 122
1582732418 92
1582732418 125
