1582932376 509
1582932376 102
1582932376 107
1582932376 56
1582932376 61
1582932377 59
1582932377 79
1582932378 81
1582932378 104
1582932379 139
1582932379 136
1582932380 87
1582932380 118
1582932381 86
1582932381 116
1582932382 61
1582932382 109
1582932383 118
1582932383 72
1582932384 99
1582932384 112
1582932385 107
1582932385 83
1582932386 54
1582932386 137
1582932387 102
1582932387 112
1582932388 137
1582932388 143
1582932390 1883
1582932391 100
1582932391 104
1582932391 138
1582932391 130
1582932391 128
1582932392 101
1582932392 144
1582932393 66
1582932393 85
1582932394 138
1582932394 108
1582932395 138
1582932395 56
1582932396 118
1582932396 58
1582932397 55
1582932397 55
1582932398 102
1582932398 104
1582932399 140
1582932399 87
