1582735564 419
1582735564 101
1582735564 136
1582735564 95
1582735564 68
1582735565 66
1582735565 74
1582735566 74
1582735566 88
1582735567 89
1582735567 54
1582735568 62
1582735569 112
1582735569 65
1582735569 70
1582735570 90
1582735570 68
1582735571 135
1582735571 88
1582735572 64
1582735573 140
1582735573 79
1582735573 72
1582735574 93
1582735575 138
1582735575 80
1582735576 134
1582735576 59
1582735577 134
1582735577 106
1582735577 60
1582735578 139
1582735579 91
1582735579 59
1582735579 69
1582735580 121
1582735581 96
1582735581 107
1582735582 87
1582735583 1158
1582735583 130
1582735583 55
1582735584 105
1582735584 77
1582735585 73
1582735585 123
1582735585 69
1582735586 80
1582735587 112
1582735587 122
1582735588 93
1582735588 125
1582735589 139
1582735589 63
1582735589 61
1582735590 101
1582735591 137
1582735591 115
1582735592 121
