1582731800 503
1582731800 102
1582731800 138
1582731800 95
1582731800 68
1582731801 66
1582731801 74
1582731802 73
1582731802 87
1582731803 89
1582731803 53
1582731804 62
1582731804 113
1582731805 64
1582731805 71
1582731806 90
1582731806 69
1582731807 135
1582731807 88
1582731808 65
1582731808 139
1582731809 79
1582731809 72
1582731810 93
1582731810 138
1582731811 80
1582731811 135
1582731812 58
1582731812 135
1582731813 105
1582731813 60
1582731817 2896
1582731817 90
1582731817 60
1582731817 69
1582731817 121
1582731817 96
1582731817 108
1582731817 88
1582731818 80
1582731818 130
1582731819 55
1582731819 105
1582731820 78
1582731820 72
1582731821 124
1582731821 69
1582731822 81
1582731822 112
1582731823 122
1582731823 93
1582731824 124
1582731824 140
1582731825 64
1582731825 61
1582731826 101
1582731826 137
