1582731445 460
1582731445 100
1582731445 138
1582731446 95
1582731446 68
1582731446 66
1582731447 75
1582731447 73
1582731448 88
1582731448 88
1582731449 54
1582731449 61
1582731450 113
1582731450 65
1582731451 70
1582731451 90
1582731452 68
1582731452 135
1582731453 88
1582731453 64
1582731454 139
1582731454 79
1582731455 72
1582731455 94
1582731456 138
1582731456 79
1582731457 135
1582731457 59
1582731458 135
1582731458 106
1582731459 59
1582731459 139
1582731460 90
1582731460 60
1582731461 68
1582731461 121
1582731462 96
1582731462 107
1582731465 2633
1582731465 80
1582731466 130
1582731466 55
1582731466 105
1582731466 78
1582731466 73
1582731466 125
1582731467 69
1582731467 81
1582731468 112
1582731468 123
1582731469 92
1582731469 125
1582731470 140
1582731470 63
1582731471 62
1582731471 100
1582731472 137
1582731472 116
1582731473 121
1582731473 97
1582731474 119
1582731474 92
1582731475 126
