1582731573 505
1582731573 103
1582731573 139
1582731573 95
1582731573 68
1582731574 66
1582731574 74
1582731575 73
1582731575 88
1582731576 89
1582731576 53
1582731577 62
1582731577 113
1582731578 65
1582731578 71
1582731579 90
1582731579 68
1582731580 135
1582731580 87
1582731581 64
1582731581 139
1582731582 79
1582731582 71
1582731583 93
1582731583 137
1582731584 80
1582731584 134
1582731585 59
1582731585 134
1582731588 2408
1582731588 60
1582731588 139
1582731588 91
1582731588 60
1582731588 69
1582731589 120
1582731589 96
1582731590 108
1582731590 87
1582731591 80
1582731591 130
1582731592 54
1582731592 105
1582731593 77
1582731593 73
1582731594 124
1582731594 68
1582731595 80
1582731595 111
1582731596 123
1582731596 92
1582731597 124
