1582733679 443
1582733679 103
1582733679 138
1582733679 95
1582733680 68
1582733680 66
1582733681 74
1582733681 73
1582733682 88
1582733682 89
1582733683 54
1582733683 62
1582733684 113
1582733684 65
1582733685 71
1582733685 89
1582733686 69
1582733686 135
1582733687 88
1582733687 64
1582733688 140
1582733688 79
1582733689 72
1582733689 93
1582733690 138
1582733690 80
1582733691 135
1582733691 59
1582733692 135
1582733692 105
1582733693 59
1582733693 139
1582733694 90
1582733694 59
1582733695 69
1582733695 120
1582733696 95
1582733696 108
1582733697 87
1582733700 2631
1582733700 130
1582733700 55
1582733700 105
1582733700 78
1582733700 73
1582733700 124
1582733701 69
1582733701 81
1582733702 112
1582733702 122
1582733703 92
1582733703 125
1582733704 139
1582733704 64
1582733705 61
1582733705 101
1582733706 137
1582733706 115
1582733707 121
1582733707 97
1582733708 119
1582733708 92
1582733709 127
1582733709 131
1582733710 93
1582733710 69
